 0.264593551018 0.262567042792 0.433328611449 0.420073173067 0.421492319047 0.421278547499 0.405102626598 0.38607223461 0.360165019318 0.338360314491 0.327860536382 0.322146879625 0.325546083369 0.325546083369 0.350066328988 0.349449946954 0.349826976247 0.353094397361 0.353094397361 0.353094397361 0.350880712211 0.350880712211 0.350880712211 0.350880712211 0.350880712211 0.350880712211 0.350880712211 0.350880712211 0.350880712211 0.350880712211 0.350880712211 0.350880712211 0.350880712211 0.350880712211 0.350880712211 0.350880712211 
 0.249627789988 0.257379879168 0.257379879168 0.247557128569 0.377337034735 0.38373005941 0.350139528144 0.346433802129 0.341011908504 0.325203884936 0.325203884936 0.322783692369 0.336444184421 0.334296865038 0.334296865038 0.349449946954 0.349826976247 0.353094397361 0.353094397361 0.350880712211 0.350880712211 0.350880712211 0.350880712211 0.350880712211 0.350880712211 0.350880712211 0.350880712211 0.350880712211 0.350880712211 0.350880712211 0.350880712211 0.350880712211 0.350880712211 0.350880712211 0.350880712211 0.350880712211 
 0.262567042792 0.248729032635 0.36075356258 0.35983160391 0.362264959568 0.339679506934 0.32315270983 0.32315270983 0.322146879625 0.325546083369 0.334296865038 0.334723226795 0.349449946954 0.349826976247 0.353094397361 0.353094397361 0.350880712211 0.350880712211 0.350880712211 0.350880712211 0.350880712211 0.350880712211 0.350880712211 0.350880712211 0.350880712211 0.350880712211 0.350880712211 0.350880712211 0.350880712211 0.350880712211 0.350880712211 0.350880712211 0.350880712211 0.350880712211 0.350880712211 0.350880712211 
 0.283657575555 0.323535034801 0.433363651514 0.409729872395 0.393897415218 0.36534783977 0.334975119289 0.314540888825 0.33110870577 0.322328247415 0.324354968836 0.325546083369 0.325546083369 0.326615221985 0.349826976247 0.353094397361 0.353094397361 0.350880712211 0.350880712211 0.350880712211 0.350880712211 0.350880712211 0.350880712211 0.350880712211 0.350880712211 0.350880712211 0.350880712211 0.350880712211 0.350880712211 0.350880712211 0.350880712211 0.350880712211 0.350880712211 0.350880712211 0.350880712211 0.350880712211 
 0.04770796773 0.129597950668 0.124552045951 0.124422062657 0.152794399813 0.154793327199 0.156218770426 0.2408462593 0.252675398408 0.258177341114 0.269426991861 0.269426991861 0.321059644956 0.331681213441 0.331681213441 0.330007091328 0.334723226795 0.334723226795 0.336078807686 0.335280604028 0.347339289373 0.347339289373 0.350880712211 0.350880712211 0.350880712211 0.350880712211 0.350880712211 0.350880712211 0.350880712211 0.350880712211 0.350880712211 0.350880712211 0.350880712211 0.350880712211 0.350880712211 0.350880712211 
 0.11102895627 0.129597950668 0.12204268789 0.135933311134 0.21647594981 0.226705846081 0.24031545027 0.235301349684 0.227994004966 0.24837880168 0.268929214646 0.274733569345 0.278161750289 0.324212963057 0.331681213441 0.331681213441 0.337156147753 0.334723226795 0.336078807686 0.349826976247 0.347339289373 0.347339289373 0.350880712211 0.350880712211 0.350880712211 0.350880712211 0.350880712211 0.350880712211 0.350880712211 0.350880712211 0.350880712211 0.350880712211 0.350880712211 0.350880712211 0.350880712211 0.350880712211 
 0.127679718845 0.126825544823 0.124643874194 0.124643874194 0.236152342334 0.219815863785 0.217145546637 0.23155401548 0.250840477828 0.245862762501 0.257114256319 0.253980593228 0.268929214646 0.274733569345 0.327578181859 0.331424567884 0.331681213441 0.331681213441 0.336444184421 0.334723226795 0.334723226795 0.336078807686 0.349826976247 0.347339289373 0.350880712211 0.350880712211 0.350880712211 0.350880712211 0.350880712211 0.350880712211 0.350880712211 0.350880712211 0.350880712211 0.350880712211 0.350880712211 0.350880712211 
 0.126825544823 0.144286654723 0.139482541166 0.227217110303 0.234312825621 0.234312825621 0.226091038518 0.256154999012 0.253513849027 0.256998586336 0.267776314958 0.323022097152 0.334807578689 0.335085651211 0.331681213441 0.331681213441 0.336444184421 0.334723226795 0.334723226795 0.350592182609 0.349826976247 0.349826976247 0.350880712211 0.350880712211 0.350880712211 0.350880712211 0.350880712211 0.350880712211 0.350880712211 0.350880712211 0.350880712211 0.350880712211 0.350880712211 0.350880712211 0.350880712211 0.350880712211 
 0.15078978519 0.233416940206 0.234821217157 0.252634954801 0.2360834084 0.2360834084 0.25782346299 0.255136291171 0.25385131541 0.332371358569 0.328793389834 0.341480336572 0.336565336086 0.331681213441 0.331681213441 0.337055161379 0.336444184421 0.334723226795 0.349449946954 0.350592182609 0.349826976247 0.353094397361 0.350880712211 0.350880712211 0.350880712211 0.350880712211 0.350880712211 0.350880712211 0.350880712211 0.350880712211 0.350880712211 0.350880712211 0.350880712211 0.350880712211 0.350880712211 0.350880712211 
 0.258279056787 0.240710976231 0.2360834084 0.24938967043 0.255136291171 0.249324860407 0.33298202753 0.328015170386 0.331137145829 0.331424567884 0.331681213441 0.331681213441 0.336444184421 0.336444184421 0.334723226795 0.350592182609 0.349826976247 0.353094397361 0.350880712211 0.350880712211 0.350880712211 0.350880712211 0.350880712211 0.350880712211 0.350880712211 0.350880712211 0.350880712211 0.350880712211 0.350880712211 0.350880712211 0.350880712211 0.350880712211 0.350880712211 0.350880712211 0.350880712211 0.350880712211 
 0.234958234905 0.242691122833 0.234196925552 0.224115712459 0.22981153651 0.250559746165 0.264494997478 0.263469515583 0.2714078377 0.323367315369 0.325982633928 0.331681213441 0.337055161379 0.336444184421 0.337156147753 0.350592182609 0.350592182609 0.349826976247 0.350880712211 0.350880712211 0.350880712211 0.350880712211 0.350880712211 0.350880712211 0.350880712211 0.350880712211 0.350880712211 0.350880712211 0.350880712211 0.350880712211 0.350880712211 0.350880712211 0.350880712211 0.350880712211 0.350880712211 0.350880712211 
 0.258631152199 0.280356169713 0.277377862726 0.256560657568 0.239598093532 0.240397367579 0.242722512497 0.250559746165 0.26201376692 0.263469515583 0.337578064035 0.338445964608 0.329123388657 0.333172881675 0.337055161379 0.337055161379 0.336444184421 0.353354775157 0.350592182609 0.349826976247 0.350880712211 0.350880712211 0.350880712211 0.350880712211 0.350880712211 0.350880712211 0.350880712211 0.350880712211 0.350880712211 0.350880712211 0.350880712211 0.350880712211 0.350880712211 0.350880712211 0.350880712211 0.350880712211 
 0.30893127063 0.287308370206 0.273437546603 0.263411105846 0.254932632661 0.249773677881 0.255620016434 0.265010128158 0.26158252451 0.271620478267 0.334898769404 0.330575646153 0.342980829939 0.337055161379 0.353687192698 0.353354775157 0.353354775157 0.349826976247 0.350880712211 0.350880712211 0.350880712211 0.350880712211 0.350880712211 0.350880712211 0.350880712211 0.350880712211 0.350880712211 0.350880712211 0.350880712211 0.350880712211 0.350880712211 0.350880712211 0.350880712211 0.350880712211 0.350880712211 0.350880712211 
 0.269883189697 0.262280135933 0.254857617846 0.250390096677 0.247280025813 0.245299353677 0.241239320544 0.255871108119 0.271620478267 0.333395183712 0.331220009811 0.328815794711 0.33805045421 0.353354775157 0.353354775157 0.352628450816 0.350880712211 0.350880712211 0.350880712211 0.350880712211 0.350880712211 0.350880712211 0.350880712211 0.350880712211 0.350880712211 0.350880712211 0.350880712211 0.350880712211 0.350880712211 0.350880712211 0.350880712211 0.350880712211 0.350880712211 0.350880712211 0.350880712211 0.350880712211 
 0.246007293072 0.291163520968 0.268148309889 0.268868722678 0.261215948331 0.261215948331 0.253984971468 0.254989348363 0.252530307386 0.263743229256 0.28132729985 0.341987599254 0.352595820037 0.347825028862 0.35082322316 0.350146697311 0.353745050509 0.350880712211 0.350880712211 0.350880712211 0.350880712211 0.350880712211 0.350880712211 0.350880712211 0.350880712211 0.350880712211 0.350880712211 0.350880712211 0.350880712211 0.350880712211 0.350880712211 0.350880712211 0.350880712211 0.350880712211 0.350880712211 0.350880712211 
 0.185221370876 0.172893401242 0.164618918667 0.219073397057 0.258493784504 0.264755698011 0.269913717494 0.261889378103 0.261889378103 0.277073181293 0.281696607249 0.312075947246 0.34076047985 0.334085770745 0.347277743001 0.353745050509 0.350880712211 0.350880712211 0.350880712211 0.350880712211 0.350880712211 0.350880712211 0.350880712211 0.350880712211 0.350880712211 0.350880712211 0.350880712211 0.350880712211 0.350880712211 0.350880712211 0.350880712211 0.350880712211 0.350880712211 0.350880712211 0.350880712211 0.350880712211 
 0.184769070894 0.20925439805 0.195245641348 0.200008627651 0.200008627651 0.269127817411 0.266149524098 0.301644302651 0.339289715792 0.328655730293 0.319848861508 0.355426810815 0.346637602868 0.341594795399 0.348500327853 0.350880712211 0.350880712211 0.350880712211 0.350880712211 0.350880712211 0.350880712211 0.350880712211 0.350880712211 0.350880712211 0.350880712211 0.350880712211 0.350880712211 0.350880712211 0.350880712211 0.350880712211 0.350880712211 0.350880712211 0.350880712211 0.350880712211 0.350880712211 0.350880712211 
 0.0870318221448 0.0792773129037 0.0739991069661 0.119903562446 0.125527131875 0.132965703032 0.154379883681 0.191592595414 0.218163856603 0.216015407266 0.243712009643 0.308617546753 0.333351516115 0.333351516115 0.347339289373 0.350880712211 0.350880712211 0.350880712211 0.350880712211 0.350880712211 0.350880712211 0.350880712211 0.350880712211 0.350880712211 0.350880712211 0.350880712211 0.350880712211 0.350880712211 0.350880712211 0.350880712211 0.350880712211 0.350880712211 0.350880712211 0.350880712211 0.350880712211 0.350880712211 
 0.0699252526579 0.119793040673 0.151227115068 0.169264961623 0.189478226502 0.184285898972 0.233962837787 0.300747159168 0.306648357664 0.301520604145 0.330402304657 0.336385590781 0.332770612762 0.350880712211 0.350880712211 0.350880712211 0.350880712211 0.350880712211 0.350880712211 0.350880712211 0.350880712211 0.350880712211 0.350880712211 0.350880712211 0.350880712211 0.350880712211 0.350880712211 0.350880712211 0.350880712211 0.350880712211 0.350880712211 0.350880712211 0.350880712211 0.350880712211 0.350880712211 0.350880712211 
 0.118960643553 0.146868187769 0.188665779366 0.225050662391 0.298588382249 0.310849045817 0.301647813083 0.31049416298 0.309543959825 0.347339289373 0.350880712211 0.350880712211 0.350880712211 0.350880712211 0.350880712211 0.350880712211 0.350880712211 0.350880712211 0.350880712211 0.350880712211 0.350880712211 0.350880712211 0.350880712211 0.350880712211 0.350880712211 0.350880712211 0.350880712211 0.350880712211 0.350880712211 0.350880712211 0.350880712211 0.350880712211 0.350880712211 0.350880712211 0.350880712211 0.350880712211 
 0.184508993335 0.246844173904 0.269677380056 0.347209808494 0.331779626706 0.336324776252 0.326233661774 0.324435833486 0.335581024759 0.333428692235 0.329347914352 0.348301535054 0.350880712211 0.350880712211 0.350880712211 0.350880712211 0.350880712211 0.350880712211 0.350880712211 0.350880712211 0.350880712211 0.350880712211 0.350880712211 0.350880712211 0.350880712211 0.350880712211 0.350880712211 0.350880712211 0.350880712211 0.350880712211 0.350880712211 0.350880712211 0.350880712211 0.350880712211 0.350880712211 0.350880712211 
 0.15474715403 0.178735015316 0.173591108036 0.211893075147 0.348745757258 0.327139890493 0.348035843424 0.342947353543 0.338410741029 0.344863007955 0.342738595361 0.342377331476 0.336385590781 0.353662672042 0.350880712211 0.350880712211 0.350880712211 0.350880712211 0.350880712211 0.350880712211 0.350880712211 0.350880712211 0.350880712211 0.350880712211 0.350880712211 0.350880712211 0.350880712211 0.350880712211 0.350880712211 0.350880712211 0.350880712211 0.350880712211 0.350880712211 0.350880712211 0.350880712211 0.350880712211 
 0.192405471689 0.191835565419 0.215919437554 0.320608123648 0.341549131983 0.345951882206 0.338410741029 0.338410741029 0.343437498538 0.339996355801 0.338654402926 0.355093397722 0.352753162528 0.350880712211 0.350880712211 0.350880712211 0.350880712211 0.350880712211 0.350880712211 0.350880712211 0.350880712211 0.350880712211 0.350880712211 0.350880712211 0.350880712211 0.350880712211 0.350880712211 0.350880712211 0.350880712211 0.350880712211 0.350880712211 0.350880712211 0.350880712211 0.350880712211 0.350880712211 0.350880712211 
 0.393108912843 0.364510575083 0.353891261103 0.33053784699 0.34809166324 0.347060435963 0.352930945542 0.344863007955 0.344285677557 0.363087358382 0.357105667982 0.352753162528 0.352753162528 0.350880712211 0.350880712211 0.350880712211 0.350880712211 0.350880712211 0.350880712211 0.350880712211 0.350880712211 0.350880712211 0.350880712211 0.350880712211 0.350880712211 0.350880712211 0.350880712211 0.350880712211 0.350880712211 0.350880712211 0.350880712211 0.350880712211 0.350880712211 0.350880712211 0.350880712211 0.350880712211 
 0.393356448571 0.402805440506 0.373975822432 0.371954137315 0.385232719535 0.374776078132 0.362947893143 0.347029513297 0.352725381541 0.348528148756 0.344863007955 0.340628022 0.344285677557 0.357105667982 0.352753162528 0.352753162528 0.350880712211 0.350880712211 0.350880712211 0.350880712211 0.350880712211 0.350880712211 0.350880712211 0.350880712211 0.350880712211 0.350880712211 0.350880712211 0.350880712211 0.350880712211 0.350880712211 0.350880712211 0.350880712211 0.350880712211 0.350880712211 0.350880712211 0.350880712211 
 0.203267359614 0.244342375402 0.285536457644 0.314114308097 0.366444305511 0.379435842589 0.375899232449 0.357866288947 0.347029513297 0.342947353543 0.342947353543 0.344457095695 0.351175733189 0.342691982282 0.339996355801 0.36072639909 0.352753162528 0.352753162528 0.350880712211 0.350880712211 0.350880712211 0.350880712211 0.350880712211 0.350880712211 0.350880712211 0.350880712211 0.350880712211 0.350880712211 0.350880712211 0.350880712211 0.350880712211 0.350880712211 0.350880712211 0.350880712211 0.350880712211 0.350880712211 
 0.110559892987 0.161248447747 0.169092361417 0.211458225253 0.282662290482 0.314114308097 0.388154712229 0.374699113905 0.372430942138 0.353608504457 0.349578653879 0.347029513297 0.351032336799 0.344457095695 0.344863007955 0.345148194719 0.341097545946 0.353662672042 0.352753162528 0.350880712211 0.350880712211 0.350880712211 0.350880712211 0.350880712211 0.350880712211 0.350880712211 0.350880712211 0.350880712211 0.350880712211 0.350880712211 0.350880712211 0.350880712211 0.350880712211 0.350880712211 0.350880712211 0.350880712211 
 0.22362196158 0.218333803924 0.316684004899 0.299355111822 0.283108588282 0.277066030568 0.271867894101 0.259469430318 0.27022694329 0.349831012579 0.349220563191 0.345511470628 0.339466003807 0.337235493573 0.333941395608 0.36072639909 0.357288964257 0.352753162528 0.352753162528 0.350880712211 0.350880712211 0.350880712211 0.350880712211 0.350880712211 0.350880712211 0.350880712211 0.350880712211 0.350880712211 0.350880712211 0.350880712211 0.350880712211 0.350880712211 0.350880712211 0.350880712211 0.350880712211 0.350880712211 
 0.250876364232 0.360375172056 0.35074559262 0.351558528013 0.337568150555 0.322756696642 0.308211990827 0.304506514069 0.288453027861 0.289557940219 0.286326773221 0.274338571261 0.331126948278 0.353983229183 0.345232905589 0.345232905589 0.341277135088 0.337235493573 0.357902830358 0.356450525057 0.356660946734 0.356660946734 0.352753162528 0.350880712211 0.350880712211 0.350880712211 0.350880712211 0.350880712211 0.350880712211 0.350880712211 0.350880712211 0.350880712211 0.350880712211 0.350880712211 0.350880712211 0.350880712211 
 0.35074559262 0.351558528013 0.332509966567 0.332509966567 0.304506514069 0.299065503335 0.299065503335 0.274736065979 0.345179773675 0.339399248996 0.358936186837 0.353983229183 0.345232905589 0.341277135088 0.337235493573 0.357902830358 0.363087358382 0.362684520294 0.356660946734 0.352753162528 0.352753162528 0.350880712211 0.350880712211 0.350880712211 0.350880712211 0.350880712211 0.350880712211 0.350880712211 0.350880712211 0.350880712211 0.350880712211 0.350880712211 0.350880712211 0.350880712211 0.350880712211 0.350880712211 
 0.351558528013 0.351558528013 0.320409717552 0.310257928971 0.3082167932 0.3082167932 0.296194918961 0.27939570178 0.362590581286 0.369833131329 0.366502135416 0.362151993993 0.35688626612 0.351735031462 0.342968041067 0.337235493573 0.343946624176 0.363087358382 0.363087358382 0.356660946734 0.352753162528 0.352753162528 0.350880712211 0.350880712211 0.350880712211 0.350880712211 0.350880712211 0.350880712211 0.350880712211 0.350880712211 0.350880712211 0.350880712211 0.350880712211 0.350880712211 0.350880712211 0.350880712211 
 0.367945641046 0.380078877348 0.351558528013 0.344849343808 0.316993688528 0.317294664881 0.3082167932 0.370505770134 0.370689469059 0.373480335987 0.373240195889 0.369913410304 0.37340583768 0.363874228919 0.356338316612 0.347180424291 0.337235493573 0.343946624176 0.363087358382 0.363087358382 0.362684520294 0.361195372193 0.352753162528 0.352753162528 0.350880712211 0.350880712211 0.350880712211 0.350880712211 0.350880712211 0.350880712211 0.350880712211 0.350880712211 0.350880712211 0.350880712211 0.350880712211 0.350880712211 
 0.315750887955 0.344059539583 0.342756606301 0.346091641849 0.324242686519 0.305201354819 0.369444760832 0.369444760832 0.386090429468 0.383812892145 0.367901239327 0.358936186837 0.356376428403 0.34975458213 0.36959634022 0.363087358382 0.363087358382 0.362684520294 0.361195372193 0.355453217173 0.352753162528 0.352753162528 0.350880712211 0.350880712211 0.350880712211 0.350880712211 0.350880712211 0.350880712211 0.350880712211 0.350880712211 0.350880712211 0.350880712211 0.350880712211 0.350880712211 0.350880712211 0.350880712211 
 0.340446464937 0.324242686519 0.319023944358 0.299065503335 0.369444760832 0.378395094792 0.366502135416 0.367901239327 0.363874228919 0.356338316612 0.341240866215 0.337235493573 0.363087358382 0.363087358382 0.362684520294 0.361195372193 0.352753162528 0.352753162528 0.350880712211 0.350880712211 0.350880712211 0.350880712211 0.350880712211 0.350880712211 0.350880712211 0.350880712211 0.350880712211 0.350880712211 0.350880712211 0.350880712211 0.350880712211 0.350880712211 0.350880712211 0.350880712211 0.350880712211 0.350880712211 
 0.288732927519 0.275597538396 0.303732826752 0.297677781305 0.357160024645 0.352436729327 0.357184932006 0.347235427341 0.345408480261 0.361915155559 0.357902830358 0.363087358382 0.362684520294 0.355117238483 0.352753162528 0.350880712211 0.350880712211 0.350880712211 0.350880712211 0.350880712211 0.350880712211 0.350880712211 0.350880712211 0.350880712211 0.350880712211 0.350880712211 0.350880712211 0.350880712211 0.350880712211 0.350880712211 0.350880712211 0.350880712211 0.350880712211 0.350880712211 0.350880712211 0.350880712211 
 0.115826043867 0.287433553599 0.288735864186 0.394814556218 0.385397996345 0.356929097138 0.384784000107 0.366096325896 0.366096325896 0.366531187323 0.362684520294 0.361195372193 0.355453217173 0.352753162528 0.350880712211 0.350880712211 0.350880712211 0.350880712211 0.350880712211 0.350880712211 0.350880712211 0.350880712211 0.350880712211 0.350880712211 0.350880712211 0.350880712211 0.350880712211 0.350880712211 0.350880712211 0.350880712211 0.350880712211 0.350880712211 0.350880712211 0.350880712211 0.350880712211 0.350880712211 
 0.121094757001 0.371302880231 0.385005539465 0.3449469181 0.382531390502 0.374121234953 0.36983761451 0.371394487489 0.361195372193 0.355453217173 0.352753162528 0.350880712211 0.350880712211 0.350880712211 0.350880712211 0.350880712211 0.350880712211 0.350880712211 0.350880712211 0.350880712211 0.350880712211 0.350880712211 0.350880712211 0.350880712211 0.350880712211 0.350880712211 0.350880712211 0.350880712211 0.350880712211 0.350880712211 0.350880712211 0.350880712211 0.350880712211 0.350880712211 0.350880712211 0.350880712211 
 0.200511088499 0.286636166253 0.274254365304 0.270228587075 0.301894663836 0.3567259678 0.377787569142 0.359844616637 0.362570262891 0.355959256263 0.353745050509 0.350880712211 0.350880712211 0.350880712211 0.350880712211 0.350880712211 0.350880712211 0.350880712211 0.350880712211 0.350880712211 0.350880712211 0.350880712211 0.350880712211 0.350880712211 0.350880712211 0.350880712211 0.350880712211 0.350880712211 0.350880712211 0.350880712211 0.350880712211 0.350880712211 0.350880712211 0.350880712211 0.350880712211 0.350880712211 
 0.190764414112 0.193446517523 0.194691543316 0.229226949445 0.298764080477 0.333048175045 0.360526833186 0.356121060548 0.351406194198 0.348363541297 0.352753162528 0.350880712211 0.350880712211 0.350880712211 0.350880712211 0.350880712211 0.350880712211 0.350880712211 0.350880712211 0.350880712211 0.350880712211 0.350880712211 0.350880712211 0.350880712211 0.350880712211 0.350880712211 0.350880712211 0.350880712211 0.350880712211 0.350880712211 0.350880712211 0.350880712211 0.350880712211 0.350880712211 0.350880712211 0.350880712211 
 0.138911163179 0.140498961546 0.221849367187 0.240697659804 0.303679217523 0.357090061362 0.351855783015 0.34304974518 0.352753162528 0.350880712211 0.350880712211 0.350880712211 0.350880712211 0.350880712211 0.350880712211 0.350880712211 0.350880712211 0.350880712211 0.350880712211 0.350880712211 0.350880712211 0.350880712211 0.350880712211 0.350880712211 0.350880712211 0.350880712211 0.350880712211 0.350880712211 0.350880712211 0.350880712211 0.350880712211 0.350880712211 0.350880712211 0.350880712211 0.350880712211 0.350880712211 
 0.130880467178 0.159348614241 0.266173010538 0.269491179005 0.26110163892 0.311024040302 0.328346398653 0.337156147753 0.338828184905 0.353354775157 0.349826976247 0.350880712211 0.350880712211 0.350880712211 0.350880712211 0.350880712211 0.350880712211 0.350880712211 0.350880712211 0.350880712211 0.350880712211 0.350880712211 0.350880712211 0.350880712211 0.350880712211 0.350880712211 0.350880712211 0.350880712211 0.350880712211 0.350880712211 0.350880712211 0.350880712211 0.350880712211 0.350880712211 0.350880712211 0.350880712211 
 0.158706924132 0.169435841818 0.258493784504 0.261061240126 0.262859584235 0.263404472733 0.246497051566 0.274590202067 0.277669617365 0.319529386948 0.347254250373 0.350146697311 0.347339289373 0.350880712211 0.350880712211 0.350880712211 0.350880712211 0.350880712211 0.350880712211 0.350880712211 0.350880712211 0.350880712211 0.350880712211 0.350880712211 0.350880712211 0.350880712211 0.350880712211 0.350880712211 0.350880712211 0.350880712211 0.350880712211 0.350880712211 0.350880712211 0.350880712211 0.350880712211 0.350880712211 
 0.079517866956 0.126314712232 0.191236981235 0.181643010839 0.185010206041 0.193805933015 0.270003080782 0.281419660642 0.278364343438 0.314583910712 0.333257435604 0.347339289373 0.350880712211 0.350880712211 0.350880712211 0.350880712211 0.350880712211 0.350880712211 0.350880712211 0.350880712211 0.350880712211 0.350880712211 0.350880712211 0.350880712211 0.350880712211 0.350880712211 0.350880712211 0.350880712211 0.350880712211 0.350880712211 0.350880712211 0.350880712211 0.350880712211 0.350880712211 0.350880712211 0.350880712211 
 0.100319338973 0.109134088378 0.140196470917 0.162530689269 0.171382312421 0.247097151723 0.260023079368 0.26616075959 0.320017700477 0.329767207022 0.336078807686 0.347339289373 0.347339289373 0.350880712211 0.350880712211 0.350880712211 0.350880712211 0.350880712211 0.350880712211 0.350880712211 0.350880712211 0.350880712211 0.350880712211 0.350880712211 0.350880712211 0.350880712211 0.350880712211 0.350880712211 0.350880712211 0.350880712211 0.350880712211 0.350880712211 0.350880712211 0.350880712211 0.350880712211 0.350880712211 
 0.109560745797 0.112981235564 0.159728053142 0.233358429223 0.230678689172 0.245747412869 0.250807319022 0.246253556764 0.255535658377 0.271311119013 0.323371278641 0.330389506079 0.338828184905 0.336078807686 0.347339289373 0.347339289373 0.350880712211 0.350880712211 0.350880712211 0.350880712211 0.350880712211 0.350880712211 0.350880712211 0.350880712211 0.350880712211 0.350880712211 0.350880712211 0.350880712211 0.350880712211 0.350880712211 0.350880712211 0.350880712211 0.350880712211 0.350880712211 0.350880712211 0.350880712211 
 0.446157604129 0.4166231863 0.393285667672 0.398443107387 0.382713773053 0.380765897555 0.377730510417 0.348898642323 0.340219570682 0.359879497841 0.338849392764 0.338849392764 0.349698136701 0.346902049596 0.351051483678 0.350880712211 0.350880712211 0.350880712211 0.350880712211 0.350880712211 0.350880712211 0.350880712211 0.350880712211 0.350880712211 0.350880712211 0.350880712211 0.350880712211 0.350880712211 0.350880712211 0.350880712211 0.350880712211 0.350880712211 0.350880712211 0.350880712211 0.350880712211 0.350880712211 
 0.464011150267 0.455795261457 0.43959488586 0.438592869653 0.407936009056 0.394167880633 0.37702470984 0.357216534113 0.369895696275 0.373100399469 0.359728046821 0.347586484385 0.358541199787 0.35065959183 0.34671305786 0.350880712211 0.350880712211 0.350880712211 0.350880712211 0.350880712211 0.350880712211 0.350880712211 0.350880712211 0.350880712211 0.350880712211 0.350880712211 0.350880712211 0.350880712211 0.350880712211 0.350880712211 0.350880712211 0.350880712211 0.350880712211 0.350880712211 0.350880712211 0.350880712211 
 0.464011150267 0.50652256854 0.459310308515 0.42379414348 0.375978403334 0.358649705556 0.369329225405 0.374037394175 0.367444584533 0.348517687563 0.359836205552 0.362530573891 0.35618329691 0.352753162528 0.350880712211 0.350880712211 0.350880712211 0.350880712211 0.350880712211 0.350880712211 0.350880712211 0.350880712211 0.350880712211 0.350880712211 0.350880712211 0.350880712211 0.350880712211 0.350880712211 0.350880712211 0.350880712211 0.350880712211 0.350880712211 0.350880712211 0.350880712211 0.350880712211 0.350880712211 
 0.433691362171 0.431243272535 0.431243272535 0.382614335385 0.363906509421 0.350214178877 0.333036207646 0.343250060355 0.331536451058 0.346925856698 0.347003098284 0.353094397361 0.353094397361 0.350880712211 0.350880712211 0.350880712211 0.350880712211 0.350880712211 0.350880712211 0.350880712211 0.350880712211 0.350880712211 0.350880712211 0.350880712211 0.350880712211 0.350880712211 0.350880712211 0.350880712211 0.350880712211 0.350880712211 0.350880712211 0.350880712211 0.350880712211 0.350880712211 0.350880712211 0.350880712211 
 0.45356398011 0.435627777192 0.435627777192 0.435337828697 0.404114366836 0.398670947316 0.368595264131 0.354182673557 0.342468575045 0.330461501681 0.325546083369 0.34159676787 0.350066328988 0.353094397361 0.353094397361 0.353094397361 0.350880712211 0.350880712211 0.350880712211 0.350880712211 0.350880712211 0.350880712211 0.350880712211 0.350880712211 0.350880712211 0.350880712211 0.350880712211 0.350880712211 0.350880712211 0.350880712211 0.350880712211 0.350880712211 0.350880712211 0.350880712211 0.350880712211 0.350880712211 
