 0.0792773129037 0.118643196306 0.118643196306 0.116417998301 0.116417998301 0.11793954601 0.112899361674 0.112899361674 0.112899361674 0.113369275923 0.113369275923 0.113369275923 0.113369275923 0.113369275923 0.113369275923 0.113369275923 0.113369275923 0.113369275923 0.113369275923 0.113369275923 0.113369275923 
 0.0427706766169 0.0451514387436 0.0451514387436 0.0792773129037 0.0792773129037 0.118643196306 0.116417998301 0.116417998301 0.11793954601 0.112899361674 0.112899361674 0.112899361674 0.113369275923 0.113369275923 0.113369275923 0.113369275923 0.113369275923 0.113369275923 0.113369275923 0.113369275923 0.113369275923 
 0.0137455446468 0.0137455446468 0.0137455446468 0.0890281361001 0.0933087472958 0.0933087472958 0.113369275923 0.113369275923 0.113369275923 0.113369275923 0.113369275923 0.113369275923 0.113369275923 0.113369275923 0.113369275923 0.113369275923 0.113369275923 0.113369275923 0.113369275923 0.113369275923 0.113369275923 
 0.0137455446468 0.0890281361001 0.0890281361001 0.108935042519 0.107371112684 0.115144905843 0.112899361674 0.112899361674 0.113369275923 0.113369275923 0.113369275923 0.113369275923 0.113369275923 0.113369275923 0.113369275923 0.113369275923 0.113369275923 0.113369275923 0.113369275923 0.113369275923 0.113369275923 
 0.0990632892297 0.108935042519 0.106530168799 0.112899361674 0.112899361674 0.113369275923 0.113369275923 0.113369275923 0.113369275923 0.113369275923 0.113369275923 0.113369275923 0.113369275923 0.113369275923 0.113369275923 0.113369275923 0.113369275923 0.113369275923 0.113369275923 0.113369275923 0.113369275923 
 0.0588049903478 0.0601922984453 0.067715385314 0.10650779826 0.10650779826 0.108807382846 0.113369275923 0.113369275923 0.113369275923 0.113369275923 0.113369275923 0.113369275923 0.113369275923 0.113369275923 0.113369275923 0.113369275923 0.113369275923 0.113369275923 0.113369275923 0.113369275923 0.113369275923 
 0.0347808089823 0.0570669056404 0.0568743057782 0.0568743057782 0.0852153921532 0.0998591899393 0.10650779826 0.108807382846 0.113369275923 0.113369275923 0.113369275923 0.113369275923 0.113369275923 0.113369275923 0.113369275923 0.113369275923 0.113369275923 0.113369275923 0.113369275923 0.113369275923 0.113369275923 
 0.0570669056404 0.0570669056404 0.0568743057782 0.0568743057782 0.067715385314 0.0879571076609 0.10650779826 0.10650779826 0.10650779826 0.113369275923 0.113369275923 0.113369275923 0.113369275923 0.113369275923 0.113369275923 0.113369275923 0.113369275923 0.113369275923 0.113369275923 0.113369275923 0.113369275923 
 0.0347808089823 0.0347808089823 0.0570669056404 0.0570669056404 0.0570669056404 0.0568743057782 0.0561234980003 0.0561234980003 0.0879571076609 0.10650779826 0.10650779826 0.10650779826 0.113369275923 0.113369275923 0.113369275923 0.113369275923 0.113369275923 0.113369275923 0.113369275923 0.113369275923 0.113369275923 
 0.0870318221448 0.0792773129037 0.0792773129037 0.121501992564 0.123208707487 0.116858461674 0.112899361674 0.112899361674 0.113369275923 0.113369275923 0.113369275923 0.113369275923 0.113369275923 0.113369275923 0.113369275923 0.113369275923 0.113369275923 0.113369275923 0.113369275923 0.113369275923 0.113369275923 
 0.0451514387436 0.0792773129037 0.0792773129037 0.118643196306 0.118643196306 0.121501992564 0.116417998301 0.11793954601 0.11793954601 0.112899361674 0.112899361674 0.112899361674 0.113369275923 0.113369275923 0.113369275923 0.113369275923 0.113369275923 0.113369275923 0.113369275923 0.113369275923 0.113369275923 
