 0.00417972582249 0.00417972582249 0.0878277176787 0.0878277176787 0.110808868694 0.104062917432 0.152473102299 0.16757357579 0.162588197855 0.160916625897 0.160416522166 0.160369691969 0.16400913914 0.174325050915 0.17084958762 0.16856128486 0.182189480927 0.183321616272 0.183321616272 0.183321616272 0.183321616272 0.183321616272 0.183321616272 0.183321616272 0.183321616272 0.183321616272 0.183321616272 0.183321616272 0.183321616272 0.183321616272 0.183321616272 0.183321616272 0.183321616272 0.183321616272 0.183321616272 0.183321616272 0.183321616272 0.183321616272 
 0.124776861359 0.138337352124 0.152959715617 0.147815875115 0.147815875115 0.158428222813 0.163015003409 0.163133477919 0.170184539916 0.172279610047 0.183192182621 0.186509580491 0.184155625665 0.184155625665 0.183321616272 0.183321616272 0.183321616272 0.183321616272 0.183321616272 0.183321616272 0.183321616272 0.183321616272 0.183321616272 0.183321616272 0.183321616272 0.183321616272 0.183321616272 0.183321616272 0.183321616272 0.183321616272 0.183321616272 0.183321616272 0.183321616272 0.183321616272 0.183321616272 0.183321616272 0.183321616272 0.183321616272 
 0.140093264225 0.14022430553 0.135495011027 0.134703881651 0.132812117827 0.147271425485 0.157251301781 0.162095682201 0.163742954651 0.163742954651 0.185752438066 0.18840807881 0.18840807881 0.186033848914 0.184155625665 0.181813628128 0.181813628128 0.181813628128 0.183321616272 0.183321616272 0.183321616272 0.183321616272 0.183321616272 0.183321616272 0.183321616272 0.183321616272 0.183321616272 0.183321616272 0.183321616272 0.183321616272 0.183321616272 0.183321616272 0.183321616272 0.183321616272 0.183321616272 0.183321616272 0.183321616272 0.183321616272 
 0.122727146917 0.122727146917 0.143866113651 0.140093264225 0.150428869684 0.154739121465 0.162095682201 0.162095682201 0.165395051702 0.172558283497 0.172558283497 0.177451382993 0.183976512126 0.186033848914 0.186033848914 0.184155625665 0.181813628128 0.183321616272 0.183321616272 0.183321616272 0.183321616272 0.183321616272 0.183321616272 0.183321616272 0.183321616272 0.183321616272 0.183321616272 0.183321616272 0.183321616272 0.183321616272 0.183321616272 0.183321616272 0.183321616272 0.183321616272 0.183321616272 0.183321616272 0.183321616272 0.183321616272 
 0.123828063383 0.12527182604 0.147924980373 0.147985760951 0.166073718209 0.165395051702 0.172558283497 0.176151834715 0.174071374336 0.171680399098 0.186033848914 0.186033848914 0.184155625665 0.181813628128 0.183321616272 0.183321616272 0.183321616272 0.183321616272 0.183321616272 0.183321616272 0.183321616272 0.183321616272 0.183321616272 0.183321616272 0.183321616272 0.183321616272 0.183321616272 0.183321616272 0.183321616272 0.183321616272 0.183321616272 0.183321616272 0.183321616272 0.183321616272 0.183321616272 0.183321616272 0.183321616272 0.183321616272 
 0.124903226457 0.149516796924 0.142401118038 0.151341380714 0.157512077849 0.166766085637 0.174071374336 0.17770147477 0.176512748687 0.176512748687 0.174361700996 0.183581745394 0.183581745394 0.181813628128 0.181813628128 0.181813628128 0.181813628128 0.183321616272 0.183321616272 0.183321616272 0.183321616272 0.183321616272 0.183321616272 0.183321616272 0.183321616272 0.183321616272 0.183321616272 0.183321616272 0.183321616272 0.183321616272 0.183321616272 0.183321616272 0.183321616272 0.183321616272 0.183321616272 0.183321616272 0.183321616272 0.183321616272 
 0.103183944646 0.115882943577 0.123171985722 0.123378210886 0.153521342679 0.164329884276 0.162135160713 0.157461085313 0.162531695508 0.175236618538 0.175236618538 0.176512748687 0.174361700996 0.174361700996 0.183581745394 0.183581745394 0.181813628128 0.181813628128 0.181813628128 0.183321616272 0.183321616272 0.183321616272 0.183321616272 0.183321616272 0.183321616272 0.183321616272 0.183321616272 0.183321616272 0.183321616272 0.183321616272 0.183321616272 0.183321616272 0.183321616272 0.183321616272 0.183321616272 0.183321616272 0.183321616272 0.183321616272 
 0.144728121928 0.131928082144 0.130522888805 0.144919464428 0.152692121181 0.156541169334 0.155125125373 0.164598746879 0.170445667349 0.170445667349 0.170445667349 0.170445667349 0.174361700996 0.175008959999 0.181449409401 0.181813628128 0.181813628128 0.183321616272 0.183321616272 0.183321616272 0.183321616272 0.183321616272 0.183321616272 0.183321616272 0.183321616272 0.183321616272 0.183321616272 0.183321616272 0.183321616272 0.183321616272 0.183321616272 0.183321616272 0.183321616272 0.183321616272 0.183321616272 0.183321616272 0.183321616272 0.183321616272 
 0.0973077306274 0.0956987790338 0.14577592733 0.136186759132 0.131511003087 0.134102273803 0.154799947022 0.152837165909 0.155125125373 0.155125125373 0.164598746879 0.163546135051 0.170445667349 0.170445667349 0.170445667349 0.174361700996 0.174361700996 0.181449409401 0.181449409401 0.181813628128 0.181813628128 0.183321616272 0.183321616272 0.183321616272 0.183321616272 0.183321616272 0.183321616272 0.183321616272 0.183321616272 0.183321616272 0.183321616272 0.183321616272 0.183321616272 0.183321616272 0.183321616272 0.183321616272 0.183321616272 0.183321616272 
 0.0981211767705 0.153179050046 0.143680717007 0.140203895996 0.16233264009 0.155137526593 0.156401291365 0.156401291365 0.153954390344 0.152385162507 0.155125125373 0.155125125373 0.169887616397 0.170445667349 0.170445667349 0.170445667349 0.172107241326 0.175008959999 0.181449409401 0.181449409401 0.181813628128 0.183321616272 0.183321616272 0.183321616272 0.183321616272 0.183321616272 0.183321616272 0.183321616272 0.183321616272 0.183321616272 0.183321616272 0.183321616272 0.183321616272 0.183321616272 0.183321616272 0.183321616272 0.183321616272 0.183321616272 
 0.140203895996 0.157144914379 0.16055615409 0.162330612765 0.159195468169 0.155027405474 0.155207164844 0.155207164844 0.155125125373 0.153757422205 0.170445667349 0.170445667349 0.170445667349 0.172107241326 0.172107241326 0.181449409401 0.181449409401 0.181813628128 0.181813628128 0.183321616272 0.183321616272 0.183321616272 0.183321616272 0.183321616272 0.183321616272 0.183321616272 0.183321616272 0.183321616272 0.183321616272 0.183321616272 0.183321616272 0.183321616272 0.183321616272 0.183321616272 0.183321616272 0.183321616272 0.183321616272 0.183321616272 
 0.16257128707 0.162333723496 0.153544576551 0.164870935663 0.162838550217 0.162838550217 0.162488255386 0.157284236862 0.155207164844 0.15460608881 0.15460608881 0.163546135051 0.170445667349 0.170445667349 0.172107241326 0.172107241326 0.181449409401 0.181449409401 0.181813628128 0.181813628128 0.181813628128 0.183321616272 0.183321616272 0.183321616272 0.183321616272 0.183321616272 0.183321616272 0.183321616272 0.183321616272 0.183321616272 0.183321616272 0.183321616272 0.183321616272 0.183321616272 0.183321616272 0.183321616272 0.183321616272 0.183321616272 
 0.136208594287 0.13698493716 0.139847780335 0.166835461869 0.167042993119 0.162094289926 0.160650246741 0.158549173698 0.157020733006 0.156411672653 0.159693004036 0.173086417123 0.174764797534 0.172107241326 0.180169010573 0.180169010573 0.181449409401 0.181813628128 0.181813628128 0.181813628128 0.181813628128 0.183321616272 0.183321616272 0.183321616272 0.183321616272 0.183321616272 0.183321616272 0.183321616272 0.183321616272 0.183321616272 0.183321616272 0.183321616272 0.183321616272 0.183321616272 0.183321616272 0.183321616272 0.183321616272 0.183321616272 
 0.13667600789 0.13667600789 0.138307918797 0.138307918797 0.138307918797 0.166835461869 0.167042993119 0.162094289926 0.162094289926 0.157102201181 0.158549173698 0.157020733006 0.171802087022 0.171485654592 0.176752493616 0.174764797534 0.180169010573 0.180169010573 0.181274873169 0.181813628128 0.181813628128 0.183321616272 0.183321616272 0.183321616272 0.183321616272 0.183321616272 0.183321616272 0.183321616272 0.183321616272 0.183321616272 0.183321616272 0.183321616272 0.183321616272 0.183321616272 0.183321616272 0.183321616272 0.183321616272 0.183321616272 
 0.0618939974079 0.10244221482 0.134819497828 0.126706962453 0.133823148711 0.16552140821 0.158755571643 0.158755571643 0.169024577006 0.17006674816 0.168309250285 0.174447074207 0.183321616272 0.183321616272 0.183321616272 0.183321616272 0.183321616272 0.183321616272 0.183321616272 0.183321616272 0.183321616272 0.183321616272 0.183321616272 0.183321616272 0.183321616272 0.183321616272 0.183321616272 0.183321616272 0.183321616272 0.183321616272 0.183321616272 0.183321616272 0.183321616272 0.183321616272 0.183321616272 0.183321616272 0.183321616272 0.183321616272 
 0.0 0.0 0.0 0.0 0.0 0.0589893727662 0.0843057100948 0.112872001584 0.112872001584 0.112872001584 0.112872001584 0.161723531716 0.15091854056 0.160296848903 0.165221495238 0.167210104971 0.160734411405 0.169474661337 0.167181221641 0.168309250285 0.168309250285 0.183321616272 0.183321616272 0.183321616272 0.183321616272 0.183321616272 0.183321616272 0.183321616272 0.183321616272 0.183321616272 0.183321616272 0.183321616272 0.183321616272 0.183321616272 0.183321616272 0.183321616272 0.183321616272 0.183321616272 
 0.145431735291 0.173684623736 0.169008097752 0.16544027209 0.16055615409 0.162838550217 0.162838550217 0.162094289926 0.159344295031 0.165603402852 0.171006594688 0.169545971226 0.171599595106 0.172107241326 0.180169010573 0.180169010573 0.181706986195 0.181706986195 0.183321616272 0.183321616272 0.183321616272 0.183321616272 0.183321616272 0.183321616272 0.183321616272 0.183321616272 0.183321616272 0.183321616272 0.183321616272 0.183321616272 0.183321616272 0.183321616272 0.183321616272 0.183321616272 0.183321616272 0.183321616272 0.183321616272 0.183321616272 
 0.135642643941 0.141949378323 0.139032590205 0.140096939441 0.167042993119 0.165828892853 0.162094289926 0.171226981502 0.17505396157 0.172973569042 0.170664647241 0.171599595106 0.185054897301 0.180169010573 0.180169010573 0.182767696967 0.183321616272 0.183321616272 0.183321616272 0.183321616272 0.183321616272 0.183321616272 0.183321616272 0.183321616272 0.183321616272 0.183321616272 0.183321616272 0.183321616272 0.183321616272 0.183321616272 0.183321616272 0.183321616272 0.183321616272 0.183321616272 0.183321616272 0.183321616272 0.183321616272 0.183321616272 
 0.119093644979 0.121908186649 0.14459378528 0.150507563469 0.175811161633 0.176928673586 0.175963536898 0.172592110574 0.170664647241 0.181689443946 0.182880007725 0.181706986195 0.181706986195 0.182767696967 0.183321616272 0.183321616272 0.183321616272 0.183321616272 0.183321616272 0.183321616272 0.183321616272 0.183321616272 0.183321616272 0.183321616272 0.183321616272 0.183321616272 0.183321616272 0.183321616272 0.183321616272 0.183321616272 0.183321616272 0.183321616272 0.183321616272 0.183321616272 0.183321616272 0.183321616272 0.183321616272 0.183321616272 
 0.142039763519 0.169436347425 0.162094289926 0.159344295031 0.157177442903 0.165603402852 0.165603402852 0.165977705621 0.167418854137 0.172107241326 0.180169010573 0.180169010573 0.180169010573 0.183321616272 0.183321616272 0.183321616272 0.183321616272 0.183321616272 0.183321616272 0.183321616272 0.183321616272 0.183321616272 0.183321616272 0.183321616272 0.183321616272 0.183321616272 0.183321616272 0.183321616272 0.183321616272 0.183321616272 0.183321616272 0.183321616272 0.183321616272 0.183321616272 0.183321616272 0.183321616272 0.183321616272 0.183321616272 
 0.140096939441 0.150507563469 0.161843220555 0.157102201181 0.158549173698 0.157020733006 0.164453710897 0.168632721833 0.174764797534 0.172107241326 0.180169010573 0.180169010573 0.181449409401 0.181813628128 0.181813628128 0.181813628128 0.183321616272 0.183321616272 0.183321616272 0.183321616272 0.183321616272 0.183321616272 0.183321616272 0.183321616272 0.183321616272 0.183321616272 0.183321616272 0.183321616272 0.183321616272 0.183321616272 0.183321616272 0.183321616272 0.183321616272 0.183321616272 0.183321616272 0.183321616272 0.183321616272 0.183321616272 
 0.117638474556 0.137822838889 0.131598518288 0.151196068413 0.154754499106 0.173677229047 0.172117079433 0.185224627218 0.182880007725 0.181274873169 0.181813628128 0.181813628128 0.181813628128 0.183321616272 0.183321616272 0.183321616272 0.183321616272 0.183321616272 0.183321616272 0.183321616272 0.183321616272 0.183321616272 0.183321616272 0.183321616272 0.183321616272 0.183321616272 0.183321616272 0.183321616272 0.183321616272 0.183321616272 0.183321616272 0.183321616272 0.183321616272 0.183321616272 0.183321616272 0.183321616272 0.183321616272 0.183321616272 
 0.0991224583117 0.118790127497 0.146112406584 0.160855877534 0.163333349874 0.182880007725 0.180169010573 0.180169010573 0.181813628128 0.181813628128 0.181813628128 0.183321616272 0.183321616272 0.183321616272 0.183321616272 0.183321616272 0.183321616272 0.183321616272 0.183321616272 0.183321616272 0.183321616272 0.183321616272 0.183321616272 0.183321616272 0.183321616272 0.183321616272 0.183321616272 0.183321616272 0.183321616272 0.183321616272 0.183321616272 0.183321616272 0.183321616272 0.183321616272 0.183321616272 0.183321616272 0.183321616272 0.183321616272 
 0.131710289804 0.134971367909 0.154350495767 0.175331022397 0.172532863643 0.170445667349 0.170445667349 0.170445667349 0.181449409401 0.181813628128 0.181813628128 0.181813628128 0.181813628128 0.181813628128 0.181813628128 0.183321616272 0.183321616272 0.183321616272 0.183321616272 0.183321616272 0.183321616272 0.183321616272 0.183321616272 0.183321616272 0.183321616272 0.183321616272 0.183321616272 0.183321616272 0.183321616272 0.183321616272 0.183321616272 0.183321616272 0.183321616272 0.183321616272 0.183321616272 0.183321616272 0.183321616272 0.183321616272 
 0.0697351870517 0.0938978033512 0.137794801834 0.160312688861 0.16390931904 0.16157767634 0.170445667349 0.181449409401 0.181813628128 0.181813628128 0.181813628128 0.181813628128 0.181813628128 0.181813628128 0.181813628128 0.181813628128 0.183321616272 0.183321616272 0.183321616272 0.183321616272 0.183321616272 0.183321616272 0.183321616272 0.183321616272 0.183321616272 0.183321616272 0.183321616272 0.183321616272 0.183321616272 0.183321616272 0.183321616272 0.183321616272 0.183321616272 0.183321616272 0.183321616272 0.183321616272 0.183321616272 0.183321616272 
 0.0903114435441 0.126295271645 0.142466846209 0.146285821976 0.143643743084 0.170333029629 0.169783641447 0.165767339336 0.170408521858 0.181813628128 0.181813628128 0.181813628128 0.181813628128 0.183321616272 0.183321616272 0.183321616272 0.183321616272 0.183321616272 0.183321616272 0.183321616272 0.183321616272 0.183321616272 0.183321616272 0.183321616272 0.183321616272 0.183321616272 0.183321616272 0.183321616272 0.183321616272 0.183321616272 0.183321616272 0.183321616272 0.183321616272 0.183321616272 0.183321616272 0.183321616272 0.183321616272 0.183321616272 
 0.128227810257 0.140721177893 0.135754011476 0.157342415323 0.157342415323 0.1653240608 0.1653240608 0.174735072971 0.184155625665 0.181813628128 0.181813628128 0.181813628128 0.181813628128 0.183321616272 0.183321616272 0.183321616272 0.183321616272 0.183321616272 0.183321616272 0.183321616272 0.183321616272 0.183321616272 0.183321616272 0.183321616272 0.183321616272 0.183321616272 0.183321616272 0.183321616272 0.183321616272 0.183321616272 0.183321616272 0.183321616272 0.183321616272 0.183321616272 0.183321616272 0.183321616272 0.183321616272 0.183321616272 
 0.128832108669 0.129893352686 0.128644034867 0.133839189761 0.154109813236 0.157342415323 0.163050577234 0.174926366621 0.176554601911 0.181813628128 0.181813628128 0.181813628128 0.181813628128 0.181813628128 0.181813628128 0.181813628128 0.181813628128 0.183321616272 0.183321616272 0.183321616272 0.183321616272 0.183321616272 0.183321616272 0.183321616272 0.183321616272 0.183321616272 0.183321616272 0.183321616272 0.183321616272 0.183321616272 0.183321616272 0.183321616272 0.183321616272 0.183321616272 0.183321616272 0.183321616272 0.183321616272 0.183321616272 
 0.112590635068 0.105650863759 0.109539712044 0.131360811959 0.146832417133 0.143354409506 0.141136635419 0.150242769413 0.168006145501 0.169783641447 0.169783641447 0.170408521858 0.181813628128 0.181813628128 0.181813628128 0.181813628128 0.183321616272 0.183321616272 0.183321616272 0.183321616272 0.183321616272 0.183321616272 0.183321616272 0.183321616272 0.183321616272 0.183321616272 0.183321616272 0.183321616272 0.183321616272 0.183321616272 0.183321616272 0.183321616272 0.183321616272 0.183321616272 0.183321616272 0.183321616272 0.183321616272 0.183321616272 
 0.103871244819 0.116018972037 0.130961542516 0.146347367311 0.143386548084 0.142155734969 0.151814112366 0.148239787093 0.160881160704 0.162746030529 0.168627493865 0.174735072971 0.172655824694 0.181813628128 0.183321616272 0.183321616272 0.183321616272 0.183321616272 0.183321616272 0.183321616272 0.183321616272 0.183321616272 0.183321616272 0.183321616272 0.183321616272 0.183321616272 0.183321616272 0.183321616272 0.183321616272 0.183321616272 0.183321616272 0.183321616272 0.183321616272 0.183321616272 0.183321616272 0.183321616272 0.183321616272 0.183321616272 
 0.09684274549 0.133608398168 0.125661819335 0.122099812856 0.136586902759 0.147979616285 0.147979616285 0.163015003409 0.161198554807 0.163133477919 0.172279610047 0.173443655032 0.186509580491 0.184155625665 0.181813628128 0.181813628128 0.181813628128 0.183321616272 0.183321616272 0.183321616272 0.183321616272 0.183321616272 0.183321616272 0.183321616272 0.183321616272 0.183321616272 0.183321616272 0.183321616272 0.183321616272 0.183321616272 0.183321616272 0.183321616272 0.183321616272 0.183321616272 0.183321616272 0.183321616272 0.183321616272 0.183321616272 
 0.0803709256263 0.117963185112 0.11820908568 0.116984497781 0.117019830771 0.111648286654 0.152524384034 0.147700652009 0.153042044063 0.153042044063 0.151814112366 0.151814112366 0.158570641784 0.160881160704 0.162746030529 0.169997272913 0.174735072971 0.187837198001 0.185595443754 0.183321616272 0.183321616272 0.183321616272 0.183321616272 0.183321616272 0.183321616272 0.183321616272 0.183321616272 0.183321616272 0.183321616272 0.183321616272 0.183321616272 0.183321616272 0.183321616272 0.183321616272 0.183321616272 0.183321616272 0.183321616272 0.183321616272 
 0.058045899086 0.103494303342 0.103494303342 0.143621102947 0.138333524571 0.138058910616 0.141488061886 0.141488061886 0.136403885199 0.13160077292 0.131401699794 0.139888847591 0.155384030148 0.158755571643 0.164699062979 0.172168326973 0.172168326973 0.176534864146 0.170716553056 0.173800832338 0.183321616272 0.183321616272 0.183321616272 0.183321616272 0.183321616272 0.183321616272 0.183321616272 0.183321616272 0.183321616272 0.183321616272 0.183321616272 0.183321616272 0.183321616272 0.183321616272 0.183321616272 0.183321616272 0.183321616272 0.183321616272 
 0.0990340629721 0.0990340629721 0.0990340629721 0.126063259042 0.143932596494 0.137003266177 0.136914194406 0.154798628687 0.151689903467 0.151920315998 0.153021481759 0.160722817699 0.162605899559 0.162605899559 0.175957690059 0.174447074207 0.170716553056 0.173800832338 0.183321616272 0.183321616272 0.183321616272 0.183321616272 0.183321616272 0.183321616272 0.183321616272 0.183321616272 0.183321616272 0.183321616272 0.183321616272 0.183321616272 0.183321616272 0.183321616272 0.183321616272 0.183321616272 0.183321616272 0.183321616272 0.183321616272 0.183321616272 
