 0.0792773129037 0.118643196306 0.118643196306 0.116417998301 0.116417998301 0.11793954601 0.124390166111 0.12388363893 0.12388363893 0.127562923422 0.127562923422 0.127562923422 0.127562923422 0.127562923422 0.127562923422 0.127562923422 0.127562923422 0.127562923422 0.127562923422 0.127562923422 0.127562923422 0.127562923422 
 0.0427706766169 0.0451514387436 0.0451514387436 0.0792773129037 0.0792773129037 0.118643196306 0.116417998301 0.116417998301 0.126677014138 0.12388363893 0.12388363893 0.12388363893 0.127562923422 0.127562923422 0.127562923422 0.127562923422 0.127562923422 0.127562923422 0.127562923422 0.127562923422 0.127562923422 0.127562923422 
 0.0137455446468 0.0734256037188 0.0734256037188 0.104987013373 0.112825391217 0.112825391217 0.127562923422 0.127562923422 0.127562923422 0.127562923422 0.127562923422 0.127562923422 0.127562923422 0.127562923422 0.127562923422 0.127562923422 0.127562923422 0.127562923422 0.127562923422 0.127562923422 0.127562923422 0.127562923422 
 0.0137455446468 0.0890281361001 0.0890281361001 0.111370672472 0.117338733116 0.121536993526 0.124390166111 0.12388363893 0.127562923422 0.127562923422 0.127562923422 0.127562923422 0.127562923422 0.127562923422 0.127562923422 0.127562923422 0.127562923422 0.127562923422 0.127562923422 0.127562923422 0.127562923422 0.127562923422 
 0.0990632892297 0.108935042519 0.121623407812 0.124390166111 0.12388363893 0.127562923422 0.127562923422 0.127562923422 0.127562923422 0.127562923422 0.127562923422 0.127562923422 0.127562923422 0.127562923422 0.127562923422 0.127562923422 0.127562923422 0.127562923422 0.127562923422 0.127562923422 0.127562923422 0.127562923422 
 0.088527548745 0.0983136346146 0.109525369762 0.126650374487 0.126650374487 0.127012446289 0.127562923422 0.127562923422 0.127562923422 0.127562923422 0.127562923422 0.127562923422 0.127562923422 0.127562923422 0.127562923422 0.127562923422 0.127562923422 0.127562923422 0.127562923422 0.127562923422 0.127562923422 0.127562923422 
 0.04770796773 0.11102895627 0.108205309051 0.108205309051 0.120031601881 0.123501645857 0.126650374487 0.127012446289 0.127562923422 0.127562923422 0.127562923422 0.127562923422 0.127562923422 0.127562923422 0.127562923422 0.127562923422 0.127562923422 0.127562923422 0.127562923422 0.127562923422 0.127562923422 0.127562923422 
 0.11102895627 0.11102895627 0.108205309051 0.108205309051 0.107899919103 0.118908433694 0.126650374487 0.126650374487 0.126650374487 0.127562923422 0.127562923422 0.127562923422 0.127562923422 0.127562923422 0.127562923422 0.127562923422 0.127562923422 0.127562923422 0.127562923422 0.127562923422 0.127562923422 0.127562923422 
 0.114814375355 0.114814375355 0.11102895627 0.11102895627 0.11102895627 0.108205309051 0.106534417216 0.106534417216 0.118908433694 0.126650374487 0.126650374487 0.126650374487 0.127562923422 0.127562923422 0.127562923422 0.127562923422 0.127562923422 0.127562923422 0.127562923422 0.127562923422 0.127562923422 0.127562923422 
 0.114814375355 0.114814375355 0.114814375355 0.11102895627 0.108205309051 0.108205309051 0.106534417216 0.126650374487 0.126650374487 0.129026762067 0.127562923422 0.127562923422 0.127562923422 0.127562923422 0.127562923422 0.127562923422 0.127562923422 0.127562923422 0.127562923422 0.127562923422 0.127562923422 0.127562923422 
 0.0870318221448 0.0792773129037 0.0792773129037 0.121501992564 0.123208707487 0.116858461674 0.112899361674 0.111343464897 0.127562923422 0.127562923422 0.127562923422 0.127562923422 0.127562923422 0.127562923422 0.127562923422 0.127562923422 0.127562923422 0.127562923422 0.127562923422 0.127562923422 0.127562923422 0.127562923422 
 0.110052407878 0.11237455248 0.106534417216 0.107899919103 0.107899919103 0.107899919103 0.119747775967 0.119747775967 0.129026762067 0.127562923422 0.127562923422 0.127562923422 0.127562923422 0.127562923422 0.127562923422 0.127562923422 0.127562923422 0.127562923422 0.127562923422 0.127562923422 0.127562923422 0.127562923422 
 0.0451514387436 0.0792773129037 0.0792773129037 0.118643196306 0.118643196306 0.121501992564 0.116417998301 0.11793954601 0.11793954601 0.124390166111 0.12388363893 0.12388363893 0.127562923422 0.127562923422 0.127562923422 0.127562923422 0.127562923422 0.127562923422 0.127562923422 0.127562923422 0.127562923422 0.127562923422 
