 3.42133001982 3.42088810973 3.36164129643 3.34105798445 3.44332775437 3.61402570354 3.6954435883 3.67487363811 3.69276943262 3.6916933578 3.72873093181 3.7357168347 3.76200311579 3.77206925468 3.74807992059 3.77246224139 3.77386519466 3.75799351837 3.75799351837 3.75799351837 3.75696415875 3.75696415875 3.75696415875 3.74651062166 3.74651062166 3.74651062166 3.74651062166 3.74651062166 3.74651062166 3.74651062166 3.74651062166 3.74651062166 3.74651062166 3.74651062166 3.74651062166 3.74651062166 3.74651062166 3.74651062166 3.74651062166 3.74651062166 3.74651062166 
 3.1741314537 3.308414742 3.44081568883 3.51949636966 3.61666115113 3.67132957419 3.69729937128 3.72920795638 3.74080777328 3.78193614977 3.78617500787 3.75822728647 3.77246224139 3.77386519466 3.75799351837 3.75799351837 3.75799351837 3.75696415875 3.75696415875 3.75696415875 3.74651062166 3.74651062166 3.74651062166 3.74651062166 3.74651062166 3.74651062166 3.74651062166 3.74651062166 3.74651062166 3.74651062166 3.74651062166 3.74651062166 3.74651062166 3.74651062166 3.74651062166 3.74651062166 3.74651062166 3.74651062166 3.74651062166 3.74651062166 3.74651062166 
 3.08332963778 3.40602562502 3.36599332231 3.50376908912 3.51902664143 3.61993264405 3.64285273401 3.68031050182 3.74367119966 3.75457760209 3.76575223372 3.77747371689 3.76225414141 3.75799351837 3.75799351837 3.75696415875 3.75696415875 3.75696415875 3.74651062166 3.74651062166 3.74651062166 3.74651062166 3.74651062166 3.74651062166 3.74651062166 3.74651062166 3.74651062166 3.74651062166 3.74651062166 3.74651062166 3.74651062166 3.74651062166 3.74651062166 3.74651062166 3.74651062166 3.74651062166 3.74651062166 3.74651062166 3.74651062166 3.74651062166 3.74651062166 
 2.76780557545 3.2468026972 3.51618065993 3.61196084824 3.61571887382 3.64827580247 3.68802753493 3.75885270726 3.74953514786 3.75535492371 3.76225414141 3.75696415875 3.75696415875 3.75696415875 3.74651062166 3.74651062166 3.74651062166 3.74651062166 3.74651062166 3.74651062166 3.74651062166 3.74651062166 3.74651062166 3.74651062166 3.74651062166 3.74651062166 3.74651062166 3.74651062166 3.74651062166 3.74651062166 3.74651062166 3.74651062166 3.74651062166 3.74651062166 3.74651062166 3.74651062166 3.74651062166 3.74651062166 3.74651062166 3.74651062166 3.74651062166 
 3.18081454903 3.36891949375 3.52485263186 3.47934293025 3.62766220456 3.70479216801 3.7079372612 3.7276759035 3.74383182722 3.76034428654 3.75762010821 3.75696415875 3.74651062166 3.74651062166 3.74651062166 3.74651062166 3.74651062166 3.74651062166 3.74651062166 3.74651062166 3.74651062166 3.74651062166 3.74651062166 3.74651062166 3.74651062166 3.74651062166 3.74651062166 3.74651062166 3.74651062166 3.74651062166 3.74651062166 3.74651062166 3.74651062166 3.74651062166 3.74651062166 3.74651062166 3.74651062166 3.74651062166 3.74651062166 3.74651062166 3.74651062166 
 2.80490695002 2.86026108531 3.35032699951 3.4625309575 3.61220509737 3.5305624844 3.60853723437 3.69819730085 3.72623287479 3.73036295694 3.76255172919 3.74379106475 3.7490725212 3.74711917323 3.74651062166 3.74651062166 3.74651062166 3.74651062166 3.74651062166 3.74651062166 3.74651062166 3.74651062166 3.74651062166 3.74651062166 3.74651062166 3.74651062166 3.74651062166 3.74651062166 3.74651062166 3.74651062166 3.74651062166 3.74651062166 3.74651062166 3.74651062166 3.74651062166 3.74651062166 3.74651062166 3.74651062166 3.74651062166 3.74651062166 3.74651062166 
 3.04578330931 2.97761884041 3.22945030924 3.48089051401 3.39183727307 3.42383123625 3.62295365895 3.6971189977 3.68820610476 3.70100354075 3.73133992335 3.74425513062 3.74981044465 3.74130413754 3.75049742007 3.74550944846 3.74651062166 3.74651062166 3.74651062166 3.74651062166 3.74651062166 3.74651062166 3.74651062166 3.74651062166 3.74651062166 3.74651062166 3.74651062166 3.74651062166 3.74651062166 3.74651062166 3.74651062166 3.74651062166 3.74651062166 3.74651062166 3.74651062166 3.74651062166 3.74651062166 3.74651062166 3.74651062166 3.74651062166 3.74651062166 
 2.64095602078 2.92342415889 2.88335874277 3.08382973385 3.36472255667 3.42237351896 3.52129106761 3.49163105932 3.65225444039 3.68364951552 3.72608736737 3.73179753194 3.7128787095 3.73133992335 3.74771460461 3.74981044465 3.7371217155 3.74265205689 3.74550944846 3.74651062166 3.74651062166 3.74651062166 3.74651062166 3.74651062166 3.74651062166 3.74651062166 3.74651062166 3.74651062166 3.74651062166 3.74651062166 3.74651062166 3.74651062166 3.74651062166 3.74651062166 3.74651062166 3.74651062166 3.74651062166 3.74651062166 3.74651062166 3.74651062166 3.74651062166 
 2.72652924079 2.40438918464 2.79606467413 2.77074160395 3.18241543143 3.01498235491 3.11625962289 3.31315065723 3.4142471336 3.51992708663 3.58664020924 3.67117053252 3.6442706172 3.72388745488 3.71347761939 3.72114052388 3.71690417771 3.73196160698 3.73720488669 3.73992219009 3.74651062166 3.74651062166 3.74651062166 3.74651062166 3.74651062166 3.74651062166 3.74651062166 3.74651062166 3.74651062166 3.74651062166 3.74651062166 3.74651062166 3.74651062166 3.74651062166 3.74651062166 3.74651062166 3.74651062166 3.74651062166 3.74651062166 3.74651062166 3.74651062166 
 2.79606467413 2.77924891948 3.04680060596 3.18479727511 3.18479727511 3.1059749297 3.18485058241 3.47694128181 3.549194415 3.63598737719 3.59854422853 3.61406348689 3.66759186932 3.70768732525 3.71266772709 3.72646262053 3.73725396301 3.74265489727 3.74842776778 3.74651062166 3.74651062166 3.74651062166 3.74651062166 3.74651062166 3.74651062166 3.74651062166 3.74651062166 3.74651062166 3.74651062166 3.74651062166 3.74651062166 3.74651062166 3.74651062166 3.74651062166 3.74651062166 3.74651062166 3.74651062166 3.74651062166 3.74651062166 3.74651062166 3.74651062166 
 3.42299907531 3.22952035675 3.10710362352 3.11527268952 3.03284683052 3.23892167079 3.51004514424 3.58774715201 3.62657089914 3.64383551223 3.63666371674 3.70348633821 3.72907585912 3.73924438766 3.75377836133 3.75822374076 3.74651062166 3.74651062166 3.74651062166 3.74651062166 3.74651062166 3.74651062166 3.74651062166 3.74651062166 3.74651062166 3.74651062166 3.74651062166 3.74651062166 3.74651062166 3.74651062166 3.74651062166 3.74651062166 3.74651062166 3.74651062166 3.74651062166 3.74651062166 3.74651062166 3.74651062166 3.74651062166 3.74651062166 3.74651062166 
 3.10418687591 3.25011111307 3.02892078787 3.38492769877 3.34525338214 3.50085429607 3.5689933311 3.62106267619 3.63073595033 3.66633239046 3.69587087237 3.70339706943 3.75943257746 3.75943257746 3.76006423766 3.74691619537 3.74651062166 3.74651062166 3.74651062166 3.74651062166 3.74651062166 3.74651062166 3.74651062166 3.74651062166 3.74651062166 3.74651062166 3.74651062166 3.74651062166 3.74651062166 3.74651062166 3.74651062166 3.74651062166 3.74651062166 3.74651062166 3.74651062166 3.74651062166 3.74651062166 3.74651062166 3.74651062166 3.74651062166 3.74651062166 
 3.34073813386 3.45378219869 3.22042560365 3.16012093096 3.17131108165 3.43445652583 3.46178456953 3.59159065135 3.63192482763 3.66960776702 3.6867396149 3.73877813649 3.758325611 3.76037416789 3.74651062166 3.74651062166 3.74651062166 3.74651062166 3.74651062166 3.74651062166 3.74651062166 3.74651062166 3.74651062166 3.74651062166 3.74651062166 3.74651062166 3.74651062166 3.74651062166 3.74651062166 3.74651062166 3.74651062166 3.74651062166 3.74651062166 3.74651062166 3.74651062166 3.74651062166 3.74651062166 3.74651062166 3.74651062166 3.74651062166 3.74651062166 
 3.37238288507 3.39315957082 3.2247758674 3.47990778897 3.49325676443 3.50730915397 3.5446461312 3.59256134401 3.69706082704 3.72033744938 3.69937283789 3.75698252097 3.77197522369 3.75799351837 3.75696415875 3.75696415875 3.75696415875 3.74651062166 3.74651062166 3.74651062166 3.74651062166 3.74651062166 3.74651062166 3.74651062166 3.74651062166 3.74651062166 3.74651062166 3.74651062166 3.74651062166 3.74651062166 3.74651062166 3.74651062166 3.74651062166 3.74651062166 3.74651062166 3.74651062166 3.74651062166 3.74651062166 3.74651062166 3.74651062166 3.74651062166 
 3.23829639552 3.33444939806 3.26298946791 3.25356608227 3.17381539294 3.48065047485 3.57134569534 3.60054749822 3.63345159743 3.67258834301 3.69731271827 3.73550204258 3.74589887131 3.75799351837 3.75696415875 3.75696415875 3.75696415875 3.74651062166 3.74651062166 3.74651062166 3.74651062166 3.74651062166 3.74651062166 3.74651062166 3.74651062166 3.74651062166 3.74651062166 3.74651062166 3.74651062166 3.74651062166 3.74651062166 3.74651062166 3.74651062166 3.74651062166 3.74651062166 3.74651062166 3.74651062166 3.74651062166 3.74651062166 3.74651062166 3.74651062166 
 3.32817735652 3.56028971684 3.51862972569 3.666035908 3.69782074568 3.64954987327 3.6522650365 3.69396956081 3.71847393999 3.71968712337 3.7181945338 3.73196253584 3.73924320964 3.75632506811 3.74589887131 3.75799351837 3.75799351837 3.75696415875 3.75696415875 3.75696415875 3.74651062166 3.74651062166 3.74651062166 3.74651062166 3.74651062166 3.74651062166 3.74651062166 3.74651062166 3.74651062166 3.74651062166 3.74651062166 3.74651062166 3.74651062166 3.74651062166 3.74651062166 3.74651062166 3.74651062166 3.74651062166 3.74651062166 3.74651062166 3.74651062166 
 3.24698624998 3.54453748078 3.47883634336 3.60112289633 3.58458537969 3.57045854092 3.62015019306 3.61594055387 3.64328656018 3.65502403854 3.66966944294 3.65713230278 3.67463076006 3.73421155758 3.74104796338 3.74104796338 3.75799351837 3.75696415875 3.75696415875 3.75696415875 3.74651062166 3.74651062166 3.74651062166 3.74651062166 3.74651062166 3.74651062166 3.74651062166 3.74651062166 3.74651062166 3.74651062166 3.74651062166 3.74651062166 3.74651062166 3.74651062166 3.74651062166 3.74651062166 3.74651062166 3.74651062166 3.74651062166 3.74651062166 3.74651062166 
 3.40210773508 3.38387407866 3.55792121196 3.52736989479 3.67096123074 3.62703332461 3.71800191639 3.7257009232 3.77435645504 3.77368046914 3.70008493188 3.66639888559 3.71464444913 3.69973226136 3.71102782188 3.71645975387 3.73421155758 3.74104796338 3.74104796338 3.75696415875 3.75696415875 3.75696415875 3.74651062166 3.74651062166 3.74651062166 3.74651062166 3.74651062166 3.74651062166 3.74651062166 3.74651062166 3.74651062166 3.74651062166 3.74651062166 3.74651062166 3.74651062166 3.74651062166 3.74651062166 3.74651062166 3.74651062166 3.74651062166 3.74651062166 
 3.21578019741 3.45726014486 3.44650272718 3.64353449233 3.58662574514 3.65743376385 3.61731623696 3.59951696215 3.63884652747 3.67644844985 3.70444167633 3.69273824549 3.7030461888 3.71894866923 3.71095174382 3.70291717507 3.73421155758 3.71444086546 3.74106770036 3.74106770036 3.75696415875 3.75696415875 3.74651062166 3.74651062166 3.74651062166 3.74651062166 3.74651062166 3.74651062166 3.74651062166 3.74651062166 3.74651062166 3.74651062166 3.74651062166 3.74651062166 3.74651062166 3.74651062166 3.74651062166 3.74651062166 3.74651062166 3.74651062166 3.74651062166 
 3.29540825083 3.53177243457 3.59226014973 3.59478279934 3.5518802072 3.72694525004 3.74335043704 3.74650826026 3.75000780447 3.77986998397 3.77848236982 3.74207874523 3.77417172823 3.75421414151 3.74136573968 3.72152750768 3.73229002104 3.73457885639 3.75696415875 3.74651062166 3.74651062166 3.74651062166 3.74651062166 3.74651062166 3.74651062166 3.74651062166 3.74651062166 3.74651062166 3.74651062166 3.74651062166 3.74651062166 3.74651062166 3.74651062166 3.74651062166 3.74651062166 3.74651062166 3.74651062166 3.74651062166 3.74651062166 3.74651062166 3.74651062166 
 3.60438585193 3.62112522967 3.63009855116 3.62955166124 3.68655286603 3.73381198122 3.6911202049 3.6742565712 3.79083533066 3.81351571681 3.79845727123 3.75135502594 3.72548766936 3.72152750768 3.69673329189 3.71885154944 3.721401119 3.74106770036 3.74651062166 3.74651062166 3.74651062166 3.74651062166 3.74651062166 3.74651062166 3.74651062166 3.74651062166 3.74651062166 3.74651062166 3.74651062166 3.74651062166 3.74651062166 3.74651062166 3.74651062166 3.74651062166 3.74651062166 3.74651062166 3.74651062166 3.74651062166 3.74651062166 3.74651062166 3.74651062166 
 3.25648298161 3.55253424026 3.61131743514 3.72736007185 3.76313726696 3.78391051343 3.80536201224 3.7773605443 3.77653140583 3.70452479415 3.72152750768 3.72569860098 3.71885154944 3.721401119 3.74651062166 3.74651062166 3.74651062166 3.74651062166 3.74651062166 3.74651062166 3.74651062166 3.74651062166 3.74651062166 3.74651062166 3.74651062166 3.74651062166 3.74651062166 3.74651062166 3.74651062166 3.74651062166 3.74651062166 3.74651062166 3.74651062166 3.74651062166 3.74651062166 3.74651062166 3.74651062166 3.74651062166 3.74651062166 3.74651062166 3.74651062166 
 3.32920316501 3.54697368195 3.52299957916 3.73496506427 3.76901001252 3.81390272483 3.80736218369 3.75436160563 3.71423165369 3.68762898782 3.70257298792 3.70257298792 3.70172698792 3.71633456748 3.74651062166 3.74651062166 3.74651062166 3.74651062166 3.74651062166 3.74651062166 3.74651062166 3.74651062166 3.74651062166 3.74651062166 3.74651062166 3.74651062166 3.74651062166 3.74651062166 3.74651062166 3.74651062166 3.74651062166 3.74651062166 3.74651062166 3.74651062166 3.74651062166 3.74651062166 3.74651062166 3.74651062166 3.74651062166 3.74651062166 3.74651062166 
 3.22302483712 3.23952262208 3.59388797261 3.71407715586 3.70293204761 3.68290584132 3.76832412145 3.71911061224 3.71737764405 3.7403924712 3.69996373295 3.7083842091 3.68872601978 3.70172698792 3.71633456748 3.74651062166 3.74651062166 3.74651062166 3.74651062166 3.74651062166 3.74651062166 3.74651062166 3.74651062166 3.74651062166 3.74651062166 3.74651062166 3.74651062166 3.74651062166 3.74651062166 3.74651062166 3.74651062166 3.74651062166 3.74651062166 3.74651062166 3.74651062166 3.74651062166 3.74651062166 3.74651062166 3.74651062166 3.74651062166 3.74651062166 
 3.01808125201 3.42767126794 3.63073851525 3.66918297593 3.71399411851 3.6888111089 3.74024018717 3.72678106142 3.73681860852 3.7239270826 3.73229002104 3.73457885639 3.75696415875 3.74651062166 3.74651062166 3.74651062166 3.74651062166 3.74651062166 3.74651062166 3.74651062166 3.74651062166 3.74651062166 3.74651062166 3.74651062166 3.74651062166 3.74651062166 3.74651062166 3.74651062166 3.74651062166 3.74651062166 3.74651062166 3.74651062166 3.74651062166 3.74651062166 3.74651062166 3.74651062166 3.74651062166 3.74651062166 3.74651062166 3.74651062166 3.74651062166 
 3.11288128047 3.67897537921 3.60893723422 3.64856867943 3.6896364079 3.71742765734 3.71791779728 3.67816515701 3.69015481455 3.71056535741 3.72858797166 3.74651062166 3.74651062166 3.74651062166 3.74651062166 3.74651062166 3.74651062166 3.74651062166 3.74651062166 3.74651062166 3.74651062166 3.74651062166 3.74651062166 3.74651062166 3.74651062166 3.74651062166 3.74651062166 3.74651062166 3.74651062166 3.74651062166 3.74651062166 3.74651062166 3.74651062166 3.74651062166 3.74651062166 3.74651062166 3.74651062166 3.74651062166 3.74651062166 3.74651062166 3.74651062166 
 3.54311257987 3.64033383254 3.63700392733 3.65848579889 3.68351544146 3.67853140281 3.69180762557 3.7129211141 3.72673076118 3.72500557319 3.72667671269 3.74651062166 3.74651062166 3.74651062166 3.74651062166 3.74651062166 3.74651062166 3.74651062166 3.74651062166 3.74651062166 3.74651062166 3.74651062166 3.74651062166 3.74651062166 3.74651062166 3.74651062166 3.74651062166 3.74651062166 3.74651062166 3.74651062166 3.74651062166 3.74651062166 3.74651062166 3.74651062166 3.74651062166 3.74651062166 3.74651062166 3.74651062166 3.74651062166 3.74651062166 3.74651062166 
 3.04322522731 3.20194722227 3.53610688544 3.53070695513 3.60189764588 3.67432047299 3.71529404514 3.68680950056 3.69646772045 3.69282888408 3.71084090543 3.70908190314 3.72672225868 3.73537619468 3.74651062166 3.74651062166 3.74651062166 3.74651062166 3.74651062166 3.74651062166 3.74651062166 3.74651062166 3.74651062166 3.74651062166 3.74651062166 3.74651062166 3.74651062166 3.74651062166 3.74651062166 3.74651062166 3.74651062166 3.74651062166 3.74651062166 3.74651062166 3.74651062166 3.74651062166 3.74651062166 3.74651062166 3.74651062166 3.74651062166 3.74651062166 
 3.42158767492 3.36396855155 3.49514133816 3.62193992173 3.69154521064 3.61735913458 3.64045469451 3.66414026019 3.7029033486 3.71092003761 3.7126502191 3.72665398278 3.74698264522 3.74651062166 3.74651062166 3.74651062166 3.74651062166 3.74651062166 3.74651062166 3.74651062166 3.74651062166 3.74651062166 3.74651062166 3.74651062166 3.74651062166 3.74651062166 3.74651062166 3.74651062166 3.74651062166 3.74651062166 3.74651062166 3.74651062166 3.74651062166 3.74651062166 3.74651062166 3.74651062166 3.74651062166 3.74651062166 3.74651062166 3.74651062166 3.74651062166 
 3.37471737688 3.56704326242 3.57097180717 3.60463932266 3.66043132795 3.6379315516 3.62824104971 3.65635256386 3.70027386201 3.73842255861 3.72723816436 3.74493148566 3.74651062166 3.74651062166 3.74651062166 3.74651062166 3.74651062166 3.74651062166 3.74651062166 3.74651062166 3.74651062166 3.74651062166 3.74651062166 3.74651062166 3.74651062166 3.74651062166 3.74651062166 3.74651062166 3.74651062166 3.74651062166 3.74651062166 3.74651062166 3.74651062166 3.74651062166 3.74651062166 3.74651062166 3.74651062166 3.74651062166 3.74651062166 3.74651062166 3.74651062166 
 3.12224012142 3.19143927415 3.24626936999 3.44080518243 3.61556630115 3.6227497278 3.65337438911 3.63986206473 3.62698622695 3.6838809993 3.68329531317 3.71736996739 3.73116497652 3.73116497652 3.74493148566 3.74651062166 3.74651062166 3.74651062166 3.74651062166 3.74651062166 3.74651062166 3.74651062166 3.74651062166 3.74651062166 3.74651062166 3.74651062166 3.74651062166 3.74651062166 3.74651062166 3.74651062166 3.74651062166 3.74651062166 3.74651062166 3.74651062166 3.74651062166 3.74651062166 3.74651062166 3.74651062166 3.74651062166 3.74651062166 3.74651062166 
 2.50074523615 3.23160519679 3.36372096367 3.43555418018 3.50765597543 3.50547485277 3.60794402983 3.67081547369 3.65177290907 3.63706646141 3.61988262837 3.6290753513 3.69349720344 3.71980936259 3.72723816436 3.73769066974 3.73563282955 3.74651062166 3.74651062166 3.74651062166 3.74651062166 3.74651062166 3.74651062166 3.74651062166 3.74651062166 3.74651062166 3.74651062166 3.74651062166 3.74651062166 3.74651062166 3.74651062166 3.74651062166 3.74651062166 3.74651062166 3.74651062166 3.74651062166 3.74651062166 3.74651062166 3.74651062166 3.74651062166 3.74651062166 
 2.62362874533 3.2093791833 3.246273512 3.47917283982 3.54248857047 3.57270521837 3.59028264872 3.65972924444 3.65240802906 3.60032667787 3.60984868757 3.60465884406 3.66607443451 3.71500690777 3.72723816436 3.72872376273 3.74131262715 3.74651062166 3.74651062166 3.74651062166 3.74651062166 3.74651062166 3.74651062166 3.74651062166 3.74651062166 3.74651062166 3.74651062166 3.74651062166 3.74651062166 3.74651062166 3.74651062166 3.74651062166 3.74651062166 3.74651062166 3.74651062166 3.74651062166 3.74651062166 3.74651062166 3.74651062166 3.74651062166 3.74651062166 
 2.59347222378 3.15931079262 2.73242051714 3.46488545757 3.57253483935 3.5829062552 3.59809431233 3.61139115275 3.6376207976 3.64091423003 3.65947348974 3.64711156681 3.65419018579 3.69812703352 3.71107517191 3.73355503039 3.75241803018 3.75050807472 3.74651062166 3.74651062166 3.74651062166 3.74651062166 3.74651062166 3.74651062166 3.74651062166 3.74651062166 3.74651062166 3.74651062166 3.74651062166 3.74651062166 3.74651062166 3.74651062166 3.74651062166 3.74651062166 3.74651062166 3.74651062166 3.74651062166 3.74651062166 3.74651062166 3.74651062166 3.74651062166 
 3.18817439823 3.50257962967 3.49922631233 3.47231089678 3.316935716 3.4430305146 3.57693466699 3.59126084329 3.65604021213 3.67604710199 3.6618348412 3.68543063564 3.69562098581 3.71214988461 3.69819024919 3.71163037445 3.7348983715 3.74651062166 3.74651062166 3.74651062166 3.74651062166 3.74651062166 3.74651062166 3.74651062166 3.74651062166 3.74651062166 3.74651062166 3.74651062166 3.74651062166 3.74651062166 3.74651062166 3.74651062166 3.74651062166 3.74651062166 3.74651062166 3.74651062166 3.74651062166 3.74651062166 3.74651062166 3.74651062166 3.74651062166 
 3.0331404381 3.48098740484 3.42250979646 3.46619016773 3.46894783327 3.60221585363 3.6273179575 3.67202379925 3.67881285838 3.70138590656 3.70591340077 3.71126064698 3.7083346654 3.72478584064 3.74339092836 3.75438169236 3.75359839676 3.74651062166 3.74651062166 3.74651062166 3.74651062166 3.74651062166 3.74651062166 3.74651062166 3.74651062166 3.74651062166 3.74651062166 3.74651062166 3.74651062166 3.74651062166 3.74651062166 3.74651062166 3.74651062166 3.74651062166 3.74651062166 3.74651062166 3.74651062166 3.74651062166 3.74651062166 3.74651062166 3.74651062166 
 3.30401116847 3.39262849654 3.62100174782 3.56580841253 3.54512687788 3.55426500645 3.55876538309 3.48665547253 3.56621288766 3.6356843066 3.70728107869 3.70586526332 3.71098040272 3.71782163128 3.7349676194 3.74651062166 3.74651062166 3.74651062166 3.74651062166 3.74651062166 3.74651062166 3.74651062166 3.74651062166 3.74651062166 3.74651062166 3.74651062166 3.74651062166 3.74651062166 3.74651062166 3.74651062166 3.74651062166 3.74651062166 3.74651062166 3.74651062166 3.74651062166 3.74651062166 3.74651062166 3.74651062166 3.74651062166 3.74651062166 3.74651062166 
 3.47163883519 3.42800208633 3.55320350905 3.61482137409 3.61425028742 3.5607726741 3.59151560167 3.53845676828 3.6103908486 3.68267476661 3.70764838503 3.739058304 3.76148870303 3.75672121271 3.75651430857 3.74651062166 3.74651062166 3.74651062166 3.74651062166 3.74651062166 3.74651062166 3.74651062166 3.74651062166 3.74651062166 3.74651062166 3.74651062166 3.74651062166 3.74651062166 3.74651062166 3.74651062166 3.74651062166 3.74651062166 3.74651062166 3.74651062166 3.74651062166 3.74651062166 3.74651062166 3.74651062166 3.74651062166 3.74651062166 3.74651062166 
 3.15698211029 3.04801424159 3.45872361766 3.36872769359 3.69044904139 3.67067385905 3.50927420895 3.42960576088 3.47692733184 3.63441137666 3.69953921984 3.70965876176 3.71096013672 3.72718413259 3.76263151421 3.71782163128 3.73060114444 3.74651062166 3.74651062166 3.74651062166 3.74651062166 3.74651062166 3.74651062166 3.74651062166 3.74651062166 3.74651062166 3.74651062166 3.74651062166 3.74651062166 3.74651062166 3.74651062166 3.74651062166 3.74651062166 3.74651062166 3.74651062166 3.74651062166 3.74651062166 3.74651062166 3.74651062166 3.74651062166 3.74651062166 
 3.38662533266 3.46388732958 3.39106299646 3.55490876592 3.42742930361 3.43674066978 3.53661035717 3.652800071 3.70937209297 3.71096013672 3.7134305145 3.71201678112 3.71782163128 3.74421495684 3.74651062166 3.74651062166 3.74651062166 3.74651062166 3.74651062166 3.74651062166 3.74651062166 3.74651062166 3.74651062166 3.74651062166 3.74651062166 3.74651062166 3.74651062166 3.74651062166 3.74651062166 3.74651062166 3.74651062166 3.74651062166 3.74651062166 3.74651062166 3.74651062166 3.74651062166 3.74651062166 3.74651062166 3.74651062166 3.74651062166 3.74651062166 
 3.62546492451 3.72973157744 3.69794224032 3.66161510474 3.62343635413 3.56461280095 3.49244869568 3.56226650527 3.73526020297 3.69722077618 3.72580550963 3.73162844317 3.74421495684 3.74651062166 3.74651062166 3.74651062166 3.74651062166 3.74651062166 3.74651062166 3.74651062166 3.74651062166 3.74651062166 3.74651062166 3.74651062166 3.74651062166 3.74651062166 3.74651062166 3.74651062166 3.74651062166 3.74651062166 3.74651062166 3.74651062166 3.74651062166 3.74651062166 3.74651062166 3.74651062166 3.74651062166 3.74651062166 3.74651062166 3.74651062166 3.74651062166 
 3.57310060377 3.61944100469 3.52689087269 3.46644116649 3.38067518043 3.49951873468 3.62585480197 3.73288084181 3.75158375869 3.74651062166 3.74651062166 3.74651062166 3.74651062166 3.74651062166 3.74651062166 3.74651062166 3.74651062166 3.74651062166 3.74651062166 3.74651062166 3.74651062166 3.74651062166 3.74651062166 3.74651062166 3.74651062166 3.74651062166 3.74651062166 3.74651062166 3.74651062166 3.74651062166 3.74651062166 3.74651062166 3.74651062166 3.74651062166 3.74651062166 3.74651062166 3.74651062166 3.74651062166 3.74651062166 3.74651062166 3.74651062166 
 3.55012694916 3.51460104005 3.40350111858 3.50489559549 3.68541275129 3.65094202976 3.71650164209 3.76980202217 3.74823470665 3.75335456948 3.7492673212 3.74651062166 3.74651062166 3.74651062166 3.74651062166 3.74651062166 3.74651062166 3.74651062166 3.74651062166 3.74651062166 3.74651062166 3.74651062166 3.74651062166 3.74651062166 3.74651062166 3.74651062166 3.74651062166 3.74651062166 3.74651062166 3.74651062166 3.74651062166 3.74651062166 3.74651062166 3.74651062166 3.74651062166 3.74651062166 3.74651062166 3.74651062166 3.74651062166 3.74651062166 3.74651062166 
 3.4154269198 3.55426283671 3.42222850337 3.46833575808 3.44221772779 3.51776700112 3.5990562189 3.75287411946 3.79510280907 3.77250137223 3.76412337761 3.75236098703 3.74651062166 3.74651062166 3.74651062166 3.74651062166 3.74651062166 3.74651062166 3.74651062166 3.74651062166 3.74651062166 3.74651062166 3.74651062166 3.74651062166 3.74651062166 3.74651062166 3.74651062166 3.74651062166 3.74651062166 3.74651062166 3.74651062166 3.74651062166 3.74651062166 3.74651062166 3.74651062166 3.74651062166 3.74651062166 3.74651062166 3.74651062166 3.74651062166 3.74651062166 
 3.53470458617 3.43096076116 3.41777262717 3.38461209023 3.39332154888 3.47786381302 3.44649483563 3.70527293564 3.72134088364 3.7608238285 3.79662987106 3.78744038784 3.76561622574 3.74741258121 3.74651062166 3.74651062166 3.74651062166 3.74651062166 3.74651062166 3.74651062166 3.74651062166 3.74651062166 3.74651062166 3.74651062166 3.74651062166 3.74651062166 3.74651062166 3.74651062166 3.74651062166 3.74651062166 3.74651062166 3.74651062166 3.74651062166 3.74651062166 3.74651062166 3.74651062166 3.74651062166 3.74651062166 3.74651062166 3.74651062166 3.74651062166 
 2.89353249415 3.13344064582 3.16297305541 3.3719439153 3.24881409936 3.33124409444 3.38392146313 3.43264589849 3.59010951235 3.72369543933 3.7425430128 3.76665519944 3.76213989709 3.77646002621 3.78744038784 3.75355674711 3.75355674711 3.74651062166 3.74651062166 3.74651062166 3.74651062166 3.74651062166 3.74651062166 3.74651062166 3.74651062166 3.74651062166 3.74651062166 3.74651062166 3.74651062166 3.74651062166 3.74651062166 3.74651062166 3.74651062166 3.74651062166 3.74651062166 3.74651062166 3.74651062166 3.74651062166 3.74651062166 3.74651062166 3.74651062166 
 2.50020376459 2.73456123265 3.14271948747 3.64691622667 3.79264989904 3.63577088031 3.64738038367 3.59942031725 3.59951296347 3.59665915623 3.56123156055 3.57245752336 3.74212504332 3.76680018897 3.77295180643 3.76116083179 3.74651062166 3.74651062166 3.74651062166 3.74651062166 3.74651062166 3.74651062166 3.74651062166 3.74651062166 3.74651062166 3.74651062166 3.74651062166 3.74651062166 3.74651062166 3.74651062166 3.74651062166 3.74651062166 3.74651062166 3.74651062166 3.74651062166 3.74651062166 3.74651062166 3.74651062166 3.74651062166 3.74651062166 3.74651062166 
 3.39179416047 3.35473322953 3.58026898023 3.67163294787 3.6884514061 3.5986961948 3.62599483707 3.60509667551 3.54442745536 3.59650968289 3.60979914897 3.70634423709 3.76722682932 3.750655548 3.74651062166 3.74651062166 3.74651062166 3.74651062166 3.74651062166 3.74651062166 3.74651062166 3.74651062166 3.74651062166 3.74651062166 3.74651062166 3.74651062166 3.74651062166 3.74651062166 3.74651062166 3.74651062166 3.74651062166 3.74651062166 3.74651062166 3.74651062166 3.74651062166 3.74651062166 3.74651062166 3.74651062166 3.74651062166 3.74651062166 3.74651062166 
 3.63033718974 3.66808099019 3.76397723373 3.73908701193 3.70482349957 3.64392803513 3.71761802848 3.64495254323 3.67635277651 3.67632807934 3.73047330273 3.75142018098 3.70569507234 3.74651062166 3.74651062166 3.74651062166 3.74651062166 3.74651062166 3.74651062166 3.74651062166 3.74651062166 3.74651062166 3.74651062166 3.74651062166 3.74651062166 3.74651062166 3.74651062166 3.74651062166 3.74651062166 3.74651062166 3.74651062166 3.74651062166 3.74651062166 3.74651062166 3.74651062166 3.74651062166 3.74651062166 3.74651062166 3.74651062166 3.74651062166 3.74651062166 
 3.51259550244 3.46136283256 3.56846051869 3.61359449086 3.65510069247 3.66261738115 3.68689534657 3.6625633166 3.68715795806 3.72970182178 3.74184574911 3.73476412685 3.72858797166 3.74651062166 3.74651062166 3.74651062166 3.74651062166 3.74651062166 3.74651062166 3.74651062166 3.74651062166 3.74651062166 3.74651062166 3.74651062166 3.74651062166 3.74651062166 3.74651062166 3.74651062166 3.74651062166 3.74651062166 3.74651062166 3.74651062166 3.74651062166 3.74651062166 3.74651062166 3.74651062166 3.74651062166 3.74651062166 3.74651062166 3.74651062166 3.74651062166 
 3.10357708572 3.26050137332 3.66917352022 3.70203741343 3.70606945998 3.79774016673 3.7649780718 3.7405613579 3.71776578733 3.75463410719 3.74506275251 3.67284459091 3.70634270757 3.70172698792 3.70172698792 3.74651062166 3.74651062166 3.74651062166 3.74651062166 3.74651062166 3.74651062166 3.74651062166 3.74651062166 3.74651062166 3.74651062166 3.74651062166 3.74651062166 3.74651062166 3.74651062166 3.74651062166 3.74651062166 3.74651062166 3.74651062166 3.74651062166 3.74651062166 3.74651062166 3.74651062166 3.74651062166 3.74651062166 3.74651062166 3.74651062166 
 2.45884320989 2.43423604181 3.23387220697 3.68287739595 3.70244710387 3.65324857756 3.76176629702 3.77184553218 3.79109064558 3.77797166856 3.75746488375 3.71295365851 3.70371179059 3.67386135981 3.70172698792 3.70172698792 3.71633456748 3.74651062166 3.74651062166 3.74651062166 3.74651062166 3.74651062166 3.74651062166 3.74651062166 3.74651062166 3.74651062166 3.74651062166 3.74651062166 3.74651062166 3.74651062166 3.74651062166 3.74651062166 3.74651062166 3.74651062166 3.74651062166 3.74651062166 3.74651062166 3.74651062166 3.74651062166 3.74651062166 3.74651062166 
 3.52204031279 3.59434057256 3.67018285358 3.68362373166 3.71229583215 3.78520146479 3.82066523447 3.83280158461 3.80058763061 3.76605031086 3.81725071567 3.77193479987 3.73623192299 3.74040494855 3.69664982161 3.67386135981 3.70569507234 3.70172698792 3.721401119 3.74651062166 3.74651062166 3.74651062166 3.74651062166 3.74651062166 3.74651062166 3.74651062166 3.74651062166 3.74651062166 3.74651062166 3.74651062166 3.74651062166 3.74651062166 3.74651062166 3.74651062166 3.74651062166 3.74651062166 3.74651062166 3.74651062166 3.74651062166 3.74651062166 3.74651062166 
 3.72681451244 3.6478741972 3.73470329413 3.7269915789 3.76720433654 3.80148837142 3.8185420986 3.80007674947 3.77760126683 3.74894269157 3.77866700092 3.7427125833 3.78811300543 3.72848305161 3.72152750768 3.70257298792 3.70172698792 3.70172698792 3.74195667357 3.74651062166 3.74651062166 3.74651062166 3.74651062166 3.74651062166 3.74651062166 3.74651062166 3.74651062166 3.74651062166 3.74651062166 3.74651062166 3.74651062166 3.74651062166 3.74651062166 3.74651062166 3.74651062166 3.74651062166 3.74651062166 3.74651062166 3.74651062166 3.74651062166 3.74651062166 
 3.36489587002 3.53511214606 3.75904961615 3.76159350638 3.78036429963 3.79441707276 3.75596084236 3.72982332625 3.78589327018 3.78354965698 3.77094667915 3.76836833141 3.76760866177 3.75191158794 3.73229002104 3.73229002104 3.75799351837 3.75696415875 3.72858797166 3.74651062166 3.74651062166 3.74651062166 3.74651062166 3.74651062166 3.74651062166 3.74651062166 3.74651062166 3.74651062166 3.74651062166 3.74651062166 3.74651062166 3.74651062166 3.74651062166 3.74651062166 3.74651062166 3.74651062166 3.74651062166 3.74651062166 3.74651062166 3.74651062166 3.74651062166 
 3.41520485056 3.64742645678 3.69177650005 3.66230155425 3.64289727547 3.68957359833 3.65175300965 3.66252351344 3.68524080748 3.72458519702 3.71106000229 3.74621186024 3.72484347653 3.70306616608 3.72893015736 3.74106770036 3.74106770036 3.75696415875 3.74651062166 3.74651062166 3.74651062166 3.74651062166 3.74651062166 3.74651062166 3.74651062166 3.74651062166 3.74651062166 3.74651062166 3.74651062166 3.74651062166 3.74651062166 3.74651062166 3.74651062166 3.74651062166 3.74651062166 3.74651062166 3.74651062166 3.74651062166 3.74651062166 3.74651062166 3.74651062166 
 3.04127821375 3.24252819734 3.24252819734 3.57258098461 3.80421399903 3.6613949014 3.56913702008 3.67703266913 3.68957359833 3.66148007496 3.67346102433 3.68524080748 3.72458519702 3.72458519702 3.75697005844 3.72842727623 3.71381764074 3.73214281026 3.74106770036 3.74106770036 3.75696415875 3.74651062166 3.74651062166 3.74651062166 3.74651062166 3.74651062166 3.74651062166 3.74651062166 3.74651062166 3.74651062166 3.74651062166 3.74651062166 3.74651062166 3.74651062166 3.74651062166 3.74651062166 3.74651062166 3.74651062166 3.74651062166 3.74651062166 3.74651062166 
 2.69089114793 3.48662624166 3.64031295045 3.88048301017 3.82915999818 3.82724593541 3.81027320565 3.76465107392 3.68351005363 3.74026153852 3.76584485325 3.76578866583 3.75825966611 3.76209535131 3.77094402005 3.74096940481 3.74299449206 3.76124967752 3.75696415875 3.75696415875 3.74651062166 3.74651062166 3.74651062166 3.74651062166 3.74651062166 3.74651062166 3.74651062166 3.74651062166 3.74651062166 3.74651062166 3.74651062166 3.74651062166 3.74651062166 3.74651062166 3.74651062166 3.74651062166 3.74651062166 3.74651062166 3.74651062166 3.74651062166 3.74651062166 
 3.44914777374 3.65379220234 3.71633117514 3.8213896604 3.76119456914 3.72742718857 3.68176826289 3.67930425652 3.61081532159 3.68297490218 3.66049075633 3.66783791507 3.69820552504 3.75030984238 3.76225058622 3.74248724454 3.7430958378 3.75696415875 3.74651062166 3.74651062166 3.74651062166 3.74651062166 3.74651062166 3.74651062166 3.74651062166 3.74651062166 3.74651062166 3.74651062166 3.74651062166 3.74651062166 3.74651062166 3.74651062166 3.74651062166 3.74651062166 3.74651062166 3.74651062166 3.74651062166 3.74651062166 3.74651062166 3.74651062166 3.74651062166 
 3.49663517217 3.35639580515 3.43660025742 3.64531991511 3.64081672755 3.73791712213 3.75675110028 3.77290090208 3.7555706469 3.78752618734 3.78042021555 3.78042021555 3.77350397278 3.75641831403 3.79067165258 3.76660094551 3.75799351837 3.75799351837 3.75914269848 3.75696415875 3.75696415875 3.74651062166 3.74651062166 3.74651062166 3.74651062166 3.74651062166 3.74651062166 3.74651062166 3.74651062166 3.74651062166 3.74651062166 3.74651062166 3.74651062166 3.74651062166 3.74651062166 3.74651062166 3.74651062166 3.74651062166 3.74651062166 3.74651062166 3.74651062166 
 3.29741027888 3.31682719214 3.38144737364 3.45819187407 3.5616813152 3.68382156317 3.69113107288 3.64132027332 3.71635981699 3.71606521173 3.71046249541 3.71046249541 3.73752104761 3.72324700704 3.74754784768 3.75914269848 3.75696415875 3.75696415875 3.75696415875 3.74651062166 3.74651062166 3.74651062166 3.74651062166 3.74651062166 3.74651062166 3.74651062166 3.74651062166 3.74651062166 3.74651062166 3.74651062166 3.74651062166 3.74651062166 3.74651062166 3.74651062166 3.74651062166 3.74651062166 3.74651062166 3.74651062166 3.74651062166 3.74651062166 3.74651062166 
 3.48446691812 3.25454250885 3.2941253046 3.30053246238 3.40064042736 3.52965258371 3.5728583849 3.64207671125 3.71394697406 3.74008998593 3.68613499477 3.71177904833 3.71177904833 3.71567049995 3.73230047081 3.72912731126 3.72436600679 3.75799351837 3.75696415875 3.75696415875 3.75696415875 3.75696415875 3.74651062166 3.74651062166 3.74651062166 3.74651062166 3.74651062166 3.74651062166 3.74651062166 3.74651062166 3.74651062166 3.74651062166 3.74651062166 3.74651062166 3.74651062166 3.74651062166 3.74651062166 3.74651062166 3.74651062166 3.74651062166 3.74651062166 
 2.30431114894 2.92821132179 3.20468210178 3.40233880288 3.38695808995 3.57365721019 3.53901736246 3.63425069465 3.59070837564 3.7182066145 3.79244124604 3.78007989102 3.77168543859 3.78772994509 3.76819255246 3.75822728647 3.77246224139 3.77386519466 3.75799351837 3.75799351837 3.75696415875 3.75696415875 3.75696415875 3.74651062166 3.74651062166 3.74651062166 3.74651062166 3.74651062166 3.74651062166 3.74651062166 3.74651062166 3.74651062166 3.74651062166 3.74651062166 3.74651062166 3.74651062166 3.74651062166 3.74651062166 3.74651062166 3.74651062166 3.74651062166 
 2.45229425449 2.61080498722 2.54252555095 3.30806231811 3.50955877387 3.49716694388 3.66788639865 3.77956255714 3.78740782852 3.78829108104 3.8111810908 3.80120763195 3.77112194987 3.76616730585 3.78062719543 3.75799351837 3.75799351837 3.75799351837 3.75696415875 3.75696415875 3.75696415875 3.74651062166 3.74651062166 3.74651062166 3.74651062166 3.74651062166 3.74651062166 3.74651062166 3.74651062166 3.74651062166 3.74651062166 3.74651062166 3.74651062166 3.74651062166 3.74651062166 3.74651062166 3.74651062166 3.74651062166 3.74651062166 3.74651062166 3.74651062166 
 2.61683908645 2.79057601574 3.55501285763 3.55090286186 3.59537064892 3.75128224558 3.77614463659 3.77462769905 3.79513228875 3.77028770054 3.77500992673 3.79072071378 3.75694323828 3.75799351837 3.75799351837 3.75696415875 3.75696415875 3.75696415875 3.74651062166 3.74651062166 3.74651062166 3.74651062166 3.74651062166 3.74651062166 3.74651062166 3.74651062166 3.74651062166 3.74651062166 3.74651062166 3.74651062166 3.74651062166 3.74651062166 3.74651062166 3.74651062166 3.74651062166 3.74651062166 3.74651062166 3.74651062166 3.74651062166 3.74651062166 3.74651062166 
 3.19455106223 3.15487387027 3.57312161074 3.70217490844 3.65032304418 3.76909779319 3.77411617504 3.78797100972 3.76834213708 3.76324850993 3.75799351837 3.75696415875 3.75696415875 3.75696415875 3.75696415875 3.74651062166 3.74651062166 3.74651062166 3.74651062166 3.74651062166 3.74651062166 3.74651062166 3.74651062166 3.74651062166 3.74651062166 3.74651062166 3.74651062166 3.74651062166 3.74651062166 3.74651062166 3.74651062166 3.74651062166 3.74651062166 3.74651062166 3.74651062166 3.74651062166 3.74651062166 3.74651062166 3.74651062166 3.74651062166 3.74651062166 
 2.8979585137 3.00623166596 3.58130321733 3.71136714858 3.72133697794 3.76606196437 3.74480881916 3.76538084536 3.74694867229 3.75914269848 3.75696415875 3.75696415875 3.74651062166 3.74651062166 3.74651062166 3.74651062166 3.74651062166 3.74651062166 3.74651062166 3.74651062166 3.74651062166 3.74651062166 3.74651062166 3.74651062166 3.74651062166 3.74651062166 3.74651062166 3.74651062166 3.74651062166 3.74651062166 3.74651062166 3.74651062166 3.74651062166 3.74651062166 3.74651062166 3.74651062166 3.74651062166 3.74651062166 3.74651062166 3.74651062166 3.74651062166 
 3.15144687349 3.40810502802 3.49324666109 3.70247947952 3.75062209952 3.70087814974 3.69751548848 3.70494033155 3.76943368912 3.74705224472 3.74632744849 3.74550944846 3.74651062166 3.74651062166 3.74651062166 3.74651062166 3.74651062166 3.74651062166 3.74651062166 3.74651062166 3.74651062166 3.74651062166 3.74651062166 3.74651062166 3.74651062166 3.74651062166 3.74651062166 3.74651062166 3.74651062166 3.74651062166 3.74651062166 3.74651062166 3.74651062166 3.74651062166 3.74651062166 3.74651062166 3.74651062166 3.74651062166 3.74651062166 3.74651062166 3.74651062166 
 3.0697160362 3.0697160362 3.63634421232 3.71480322603 3.71011341105 3.74447086987 3.73386405506 3.74376379044 3.75208635817 3.74625214178 3.73980951318 3.74792707683 3.74651062166 3.74651062166 3.74651062166 3.74651062166 3.74651062166 3.74651062166 3.74651062166 3.74651062166 3.74651062166 3.74651062166 3.74651062166 3.74651062166 3.74651062166 3.74651062166 3.74651062166 3.74651062166 3.74651062166 3.74651062166 3.74651062166 3.74651062166 3.74651062166 3.74651062166 3.74651062166 3.74651062166 3.74651062166 3.74651062166 3.74651062166 3.74651062166 3.74651062166 
 3.27603045789 3.40181501183 3.20257981049 3.56855274133 3.76844573821 3.77196498987 3.76026055837 3.74886109542 3.71796185792 3.72225300797 3.75692472248 3.7502770135 3.75563782351 3.74311696807 3.74037505017 3.74651062166 3.74651062166 3.74651062166 3.74651062166 3.74651062166 3.74651062166 3.74651062166 3.74651062166 3.74651062166 3.74651062166 3.74651062166 3.74651062166 3.74651062166 3.74651062166 3.74651062166 3.74651062166 3.74651062166 3.74651062166 3.74651062166 3.74651062166 3.74651062166 3.74651062166 3.74651062166 3.74651062166 3.74651062166 3.74651062166 
 3.14949226919 3.38044473466 3.32935775913 3.38063749102 3.69341604499 3.69295492644 3.71746736101 3.77519049082 3.72737962129 3.71188333128 3.71417539638 3.7181665741 3.74059021749 3.74172446248 3.76027215961 3.74343521404 3.74729915189 3.7492673212 3.74651062166 3.74651062166 3.74651062166 3.74651062166 3.74651062166 3.74651062166 3.74651062166 3.74651062166 3.74651062166 3.74651062166 3.74651062166 3.74651062166 3.74651062166 3.74651062166 3.74651062166 3.74651062166 3.74651062166 3.74651062166 3.74651062166 3.74651062166 3.74651062166 3.74651062166 3.74651062166 
 3.09172646442 3.41357556082 3.07824235673 3.37628024157 3.37628024157 3.50581636186 3.7151670591 3.75411345715 3.69505452527 3.7147576689 3.73277076154 3.74260436723 3.73350161122 3.72452426713 3.74555528254 3.75311283003 3.74932269922 3.75534534134 3.7534806193 3.75335456948 3.7492673212 3.74651062166 3.74651062166 3.74651062166 3.74651062166 3.74651062166 3.74651062166 3.74651062166 3.74651062166 3.74651062166 3.74651062166 3.74651062166 3.74651062166 3.74651062166 3.74651062166 3.74651062166 3.74651062166 3.74651062166 3.74651062166 3.74651062166 3.74651062166 
 2.19129655222 2.8358576738 2.46708788927 3.41357556082 3.41357556082 3.42171925042 3.33885156301 3.34660654969 3.31706701127 3.75877913641 3.74401099547 3.71563036402 3.7330137179 3.70567230977 3.73151881478 3.74547654557 3.72452426713 3.73637124741 3.74333557643 3.75311283003 3.75661985804 3.75084899086 3.75335456948 3.7492673212 3.74651062166 3.74651062166 3.74651062166 3.74651062166 3.74651062166 3.74651062166 3.74651062166 3.74651062166 3.74651062166 3.74651062166 3.74651062166 3.74651062166 3.74651062166 3.74651062166 3.74651062166 3.74651062166 3.74651062166 
