 0.215956494799 0.371105666674 0.364797682763 0.35238725115 0.35238725115 0.336489948014 0.336489948014 0.336489948014 0.336489948014 0.336489948014 0.336489948014 0.336489948014 
 0.264847279943 0.290447059389 0.35238725115 0.336489948014 0.336489948014 0.336489948014 0.336489948014 0.336489948014 0.336489948014 0.336489948014 0.336489948014 0.336489948014 
 0.364797682763 0.35238725115 0.336489948014 0.336489948014 0.336489948014 0.336489948014 0.336489948014 0.336489948014 0.336489948014 0.336489948014 0.336489948014 0.336489948014 
 0.35238725115 0.336489948014 0.336489948014 0.336489948014 0.336489948014 0.336489948014 0.336489948014 0.336489948014 0.336489948014 0.336489948014 0.336489948014 0.336489948014 
 0.336489948014 0.336489948014 0.336489948014 0.336489948014 0.336489948014 0.336489948014 0.336489948014 0.336489948014 0.336489948014 0.336489948014 0.336489948014 0.336489948014 
 0.264316857152 0.336489948014 0.336489948014 0.336489948014 0.336489948014 0.336489948014 0.336489948014 0.336489948014 0.336489948014 0.336489948014 0.336489948014 0.336489948014 
 0.258388648591 0.303681555945 0.336489948014 0.336489948014 0.336489948014 0.336489948014 0.336489948014 0.336489948014 0.336489948014 0.336489948014 0.336489948014 0.336489948014 
 0.221088381334 0.258388648591 0.303681555945 0.336489948014 0.336489948014 0.336489948014 0.336489948014 0.336489948014 0.336489948014 0.336489948014 0.336489948014 0.336489948014 
 0.101426360946 0.10482141012 0.258388648591 0.303681555945 0.303681555945 0.336489948014 0.336489948014 0.336489948014 0.336489948014 0.336489948014 0.336489948014 0.336489948014 
 0.267011390002 0.332410908859 0.35238725115 0.336489948014 0.336489948014 0.336489948014 0.336489948014 0.336489948014 0.336489948014 0.336489948014 0.336489948014 0.336489948014 
