 2.38748902847 2.52188107149 2.41383659256 3.10348259637 3.2712457125 3.2712457125 3.20734902312 3.21709085721 3.21709085721 3.21709085721 3.21709085721 3.21709085721 3.35771687466 3.35771687466 3.35771687466 3.35771687466 3.35771687466 3.35771687466 3.35771687466 3.35771687466 3.35771687466 3.35771687466 3.35771687466 3.35771687466 3.35771687466 3.35771687466 
 2.67936680698 3.25617107582 3.2712457125 3.28759410927 3.28759410927 3.28759410927 3.28759410927 3.21709085721 3.21709085721 3.21709085721 3.35771687466 3.35771687466 3.35771687466 3.35771687466 3.35771687466 3.35771687466 3.35771687466 3.35771687466 3.35771687466 3.35771687466 3.35771687466 3.35771687466 3.35771687466 3.35771687466 3.35771687466 3.35771687466 
 2.85055242494 3.01421127587 3.09778031841 3.00074590672 3.37837238139 3.37837238139 3.37837238139 3.37837238139 3.37837238139 3.37837238139 3.35771687466 3.35771687466 3.35771687466 3.35771687466 3.35771687466 3.35771687466 3.35771687466 3.35771687466 3.35771687466 3.35771687466 3.35771687466 3.35771687466 3.35771687466 3.35771687466 3.35771687466 3.35771687466 
 0.0 0.684302952769 0.684302952769 2.63190134908 3.02463757529 3.02463757529 3.16920740833 3.36124108818 3.48742741104 3.56053059244 3.56053059244 3.56053059244 3.37837238139 3.35771687466 3.35771687466 3.35771687466 3.35771687466 3.35771687466 3.35771687466 3.35771687466 3.35771687466 3.35771687466 3.35771687466 3.35771687466 3.35771687466 3.35771687466 
 2.72138681357 2.72138681357 2.77323987249 3.11586954238 3.26522094658 3.43092135901 3.37837238139 3.37837238139 3.35771687466 3.35771687466 3.35771687466 3.35771687466 3.35771687466 3.35771687466 3.35771687466 3.35771687466 3.35771687466 3.35771687466 3.35771687466 3.35771687466 3.35771687466 3.35771687466 3.35771687466 3.35771687466 3.35771687466 3.35771687466 
 0.0 0.0 0.0 0.0 0.0 0.0 0.690881161018 1.92475276492 1.97784381552 2.83087554452 2.76878765777 2.94584183377 3.21709085721 3.35771687466 3.35771687466 3.35771687466 3.35771687466 3.35771687466 3.35771687466 3.35771687466 3.35771687466 3.35771687466 3.35771687466 3.35771687466 3.35771687466 3.35771687466 
 2.59555391609 2.38696904073 2.95123960852 3.51081035778 3.51081035778 3.43547635385 3.37837238139 3.35771687466 3.35771687466 3.35771687466 3.35771687466 3.35771687466 3.35771687466 3.35771687466 3.35771687466 3.35771687466 3.35771687466 3.35771687466 3.35771687466 3.35771687466 3.35771687466 3.35771687466 3.35771687466 3.35771687466 3.35771687466 3.35771687466 
 3.18671850808 3.34821998498 3.39316488863 3.37837238139 3.37837238139 3.37837238139 3.37837238139 3.37837238139 3.37837238139 3.37837238139 3.37837238139 3.35771687466 3.35771687466 3.35771687466 3.35771687466 3.35771687466 3.35771687466 3.35771687466 3.35771687466 3.35771687466 3.35771687466 3.35771687466 3.35771687466 3.35771687466 3.35771687466 3.35771687466 
 3.51582814853 3.52672097052 3.47003892301 3.37837238139 3.37837238139 3.37837238139 3.37837238139 3.37837238139 3.37837238139 3.37837238139 3.35771687466 3.35771687466 3.35771687466 3.35771687466 3.35771687466 3.35771687466 3.35771687466 3.35771687466 3.35771687466 3.35771687466 3.35771687466 3.35771687466 3.35771687466 3.35771687466 3.35771687466 3.35771687466 
 0.116214684695 3.05613314035 3.10348259637 3.29067501845 3.28759410927 3.28759410927 3.28759410927 3.37837238139 3.37837238139 3.37837238139 3.37837238139 3.37837238139 3.35771687466 3.35771687466 3.35771687466 3.35771687466 3.35771687466 3.35771687466 3.35771687466 3.35771687466 3.35771687466 3.35771687466 3.35771687466 3.35771687466 3.35771687466 3.35771687466 
 3.10348259637 3.29067501845 3.29067501845 3.29067501845 3.28759410927 3.28759410927 3.28759410927 3.35771687466 3.35771687466 3.35771687466 3.35771687466 3.35771687466 3.35771687466 3.35771687466 3.35771687466 3.35771687466 3.35771687466 3.35771687466 3.35771687466 3.35771687466 3.35771687466 3.35771687466 3.35771687466 3.35771687466 3.35771687466 3.35771687466 
 2.68328644673 3.10348259637 3.29067501845 3.28759410927 3.28759410927 3.28759410927 3.28759410927 3.28759410927 3.28759410927 3.35771687466 3.35771687466 3.35771687466 3.35771687466 3.35771687466 3.35771687466 3.35771687466 3.35771687466 3.35771687466 3.35771687466 3.35771687466 3.35771687466 3.35771687466 3.35771687466 3.35771687466 3.35771687466 3.35771687466 
 2.52188107149 2.41383659256 3.10348259637 3.10348259637 3.10348259637 3.29067501845 3.28759410927 3.28759410927 3.28759410927 3.21709085721 3.21709085721 3.21709085721 3.35771687466 3.35771687466 3.35771687466 3.35771687466 3.35771687466 3.35771687466 3.35771687466 3.35771687466 3.35771687466 3.35771687466 3.35771687466 3.35771687466 3.35771687466 3.35771687466 
