 0.00417972582249 0.00417972582249 0.0878277176787 0.0878277176787 0.0945844522313 0.0974646904727 0.150385498664 0.163785398006 0.160056298779 0.159341040566 0.160362908286 0.160362908286 0.166259998576 0.176008915258 0.17407975669 0.17407975669 0.190890350471 0.191790807447 0.191790807447 0.191790807447 0.191790807447 0.191790807447 0.191790807447 0.191790807447 0.191790807447 0.191790807447 0.191790807447 0.191790807447 0.191790807447 0.191790807447 0.191790807447 0.191790807447 0.191790807447 0.191790807447 0.191790807447 0.191790807447 
 0.155838204399 0.141560953602 0.136889669323 0.158335716245 0.161186345935 0.161289131729 0.15900740838 0.15900740838 0.173843524536 0.173843524536 0.173843524536 0.173843524536 0.173843524536 0.177790700077 0.189769069953 0.190534418453 0.190534418453 0.191790807447 0.191790807447 0.191790807447 0.191790807447 0.191790807447 0.191790807447 0.191790807447 0.191790807447 0.191790807447 0.191790807447 0.191790807447 0.191790807447 0.191790807447 0.191790807447 0.191790807447 0.191790807447 0.191790807447 0.191790807447 0.191790807447 
 0.0973077306274 0.0981211767705 0.157003359706 0.141560953602 0.138557084322 0.140182913244 0.163093712438 0.159666240987 0.15900740838 0.15900740838 0.15900740838 0.159133801633 0.173843524536 0.173843524536 0.173843524536 0.173843524536 0.173843524536 0.189769069953 0.189769069953 0.190534418453 0.190534418453 0.191790807447 0.191790807447 0.191790807447 0.191790807447 0.191790807447 0.191790807447 0.191790807447 0.191790807447 0.191790807447 0.191790807447 0.191790807447 0.191790807447 0.191790807447 0.191790807447 0.191790807447 
 0.0981211767705 0.153179050046 0.143680717007 0.140203895996 0.160784837795 0.156398894092 0.160836909496 0.160836909496 0.160836909496 0.15900740838 0.15900740838 0.15900740838 0.171492938182 0.173843524536 0.173843524536 0.173843524536 0.177790700077 0.177790700077 0.189769069953 0.189769069953 0.190534418453 0.191790807447 0.191790807447 0.191790807447 0.191790807447 0.191790807447 0.191790807447 0.191790807447 0.191790807447 0.191790807447 0.191790807447 0.191790807447 0.191790807447 0.191790807447 0.191790807447 0.191790807447 
 0.140203895996 0.140203895996 0.156398894092 0.160836909496 0.160836909496 0.160151931725 0.15900740838 0.15900740838 0.15900740838 0.156222625544 0.173843524536 0.173843524536 0.173843524536 0.177790700077 0.177790700077 0.189769069953 0.189769069953 0.190534418453 0.190534418453 0.191790807447 0.191790807447 0.191790807447 0.191790807447 0.191790807447 0.191790807447 0.191790807447 0.191790807447 0.191790807447 0.191790807447 0.191790807447 0.191790807447 0.191790807447 0.191790807447 0.191790807447 0.191790807447 0.191790807447 
 0.16257128707 0.148935687031 0.144551769226 0.163850155144 0.160836909496 0.160836909496 0.160151931725 0.15900740838 0.15900740838 0.156222625544 0.156222625544 0.159133801633 0.173843524536 0.173843524536 0.177790700077 0.177790700077 0.189769069953 0.189769069953 0.190534418453 0.190534418453 0.190534418453 0.191790807447 0.191790807447 0.191790807447 0.191790807447 0.191790807447 0.191790807447 0.191790807447 0.191790807447 0.191790807447 0.191790807447 0.191790807447 0.191790807447 0.191790807447 0.191790807447 0.191790807447 
 0.111200477034 0.12396681799 0.134334088996 0.166203942645 0.165983432737 0.160151931725 0.15900740838 0.15900740838 0.156222625544 0.156222625544 0.159133801633 0.173843524536 0.177790700077 0.177790700077 0.189769069953 0.189769069953 0.189769069953 0.190534418453 0.190534418453 0.190534418453 0.190534418453 0.191790807447 0.191790807447 0.191790807447 0.191790807447 0.191790807447 0.191790807447 0.191790807447 0.191790807447 0.191790807447 0.191790807447 0.191790807447 0.191790807447 0.191790807447 0.191790807447 0.191790807447 
 0.101859815992 0.101859815992 0.124797222214 0.124797222214 0.124797222214 0.166203942645 0.165983432737 0.160151931725 0.160151931725 0.15900740838 0.15900740838 0.156222625544 0.177195822819 0.177790700077 0.177790700077 0.177790700077 0.189769069953 0.189769069953 0.190534418453 0.190534418453 0.190534418453 0.191790807447 0.191790807447 0.191790807447 0.191790807447 0.191790807447 0.191790807447 0.191790807447 0.191790807447 0.191790807447 0.191790807447 0.191790807447 0.191790807447 0.191790807447 0.191790807447 0.191790807447 
 0.0618939974079 0.0845415029967 0.129544283623 0.118862468934 0.128447961673 0.161362938967 0.159341040566 0.159341040566 0.175012206281 0.172920764838 0.170794631317 0.180201359879 0.191790807447 0.191790807447 0.191790807447 0.191790807447 0.191790807447 0.191790807447 0.191790807447 0.191790807447 0.191790807447 0.191790807447 0.191790807447 0.191790807447 0.191790807447 0.191790807447 0.191790807447 0.191790807447 0.191790807447 0.191790807447 0.191790807447 0.191790807447 0.191790807447 0.191790807447 0.191790807447 0.191790807447 
 0.0 0.0 0.0 0.0 0.0 0.0589893727662 0.0843057100948 0.112872001584 0.112872001584 0.112872001584 0.112872001584 0.161723531716 0.15091854056 0.157431157982 0.167589029253 0.164335116053 0.161447723306 0.172920764838 0.172920764838 0.170794631317 0.170794631317 0.191790807447 0.191790807447 0.191790807447 0.191790807447 0.191790807447 0.191790807447 0.191790807447 0.191790807447 0.191790807447 0.191790807447 0.191790807447 0.191790807447 0.191790807447 0.191790807447 0.191790807447 
 0.124797222214 0.171967577643 0.165873028241 0.162320143771 0.156398894092 0.160836909496 0.160836909496 0.160151931725 0.160151931725 0.173950099636 0.179627301803 0.177195822819 0.177790700077 0.177790700077 0.189769069953 0.189769069953 0.191219276305 0.191219276305 0.191790807447 0.191790807447 0.191790807447 0.191790807447 0.191790807447 0.191790807447 0.191790807447 0.191790807447 0.191790807447 0.191790807447 0.191790807447 0.191790807447 0.191790807447 0.191790807447 0.191790807447 0.191790807447 0.191790807447 0.191790807447 
 0.115943791569 0.114438892031 0.139237677604 0.14712654685 0.177080801477 0.181360040014 0.179468740112 0.179627301803 0.177195822819 0.189769069953 0.189769069953 0.191219276305 0.191219276305 0.191790807447 0.191790807447 0.191790807447 0.191790807447 0.191790807447 0.191790807447 0.191790807447 0.191790807447 0.191790807447 0.191790807447 0.191790807447 0.191790807447 0.191790807447 0.191790807447 0.191790807447 0.191790807447 0.191790807447 0.191790807447 0.191790807447 0.191790807447 0.191790807447 0.191790807447 0.191790807447 
 0.138993049458 0.168793251481 0.160151931725 0.160151931725 0.160151931725 0.173950099636 0.173950099636 0.171492938182 0.177790700077 0.177790700077 0.189769069953 0.189769069953 0.189769069953 0.191790807447 0.191790807447 0.191790807447 0.191790807447 0.191790807447 0.191790807447 0.191790807447 0.191790807447 0.191790807447 0.191790807447 0.191790807447 0.191790807447 0.191790807447 0.191790807447 0.191790807447 0.191790807447 0.191790807447 0.191790807447 0.191790807447 0.191790807447 0.191790807447 0.191790807447 0.191790807447 
 0.134544117588 0.14712654685 0.164647163454 0.15900740838 0.15900740838 0.156222625544 0.171492938182 0.173843524536 0.177790700077 0.177790700077 0.189769069953 0.189769069953 0.189769069953 0.190534418453 0.190534418453 0.190534418453 0.191790807447 0.191790807447 0.191790807447 0.191790807447 0.191790807447 0.191790807447 0.191790807447 0.191790807447 0.191790807447 0.191790807447 0.191790807447 0.191790807447 0.191790807447 0.191790807447 0.191790807447 0.191790807447 0.191790807447 0.191790807447 0.191790807447 0.191790807447 
 0.10343063068 0.104503169552 0.148609539592 0.162197977933 0.1588035429 0.189769069953 0.189769069953 0.189769069953 0.190534418453 0.190534418453 0.190534418453 0.191790807447 0.191790807447 0.191790807447 0.191790807447 0.191790807447 0.191790807447 0.191790807447 0.191790807447 0.191790807447 0.191790807447 0.191790807447 0.191790807447 0.191790807447 0.191790807447 0.191790807447 0.191790807447 0.191790807447 0.191790807447 0.191790807447 0.191790807447 0.191790807447 0.191790807447 0.191790807447 0.191790807447 0.191790807447 
 0.133754417694 0.137559878766 0.146250314966 0.177277456075 0.177277456075 0.173843524536 0.173843524536 0.173843524536 0.189769069953 0.190534418453 0.190534418453 0.190534418453 0.190534418453 0.190534418453 0.190534418453 0.191790807447 0.191790807447 0.191790807447 0.191790807447 0.191790807447 0.191790807447 0.191790807447 0.191790807447 0.191790807447 0.191790807447 0.191790807447 0.191790807447 0.191790807447 0.191790807447 0.191790807447 0.191790807447 0.191790807447 0.191790807447 0.191790807447 0.191790807447 0.191790807447 
 0.0688933207693 0.101302544604 0.115502605145 0.146250314966 0.160669809533 0.155341953078 0.173843524536 0.189769069953 0.190534418453 0.190534418453 0.190534418453 0.190534418453 0.190534418453 0.190534418453 0.190534418453 0.190534418453 0.191790807447 0.191790807447 0.191790807447 0.191790807447 0.191790807447 0.191790807447 0.191790807447 0.191790807447 0.191790807447 0.191790807447 0.191790807447 0.191790807447 0.191790807447 0.191790807447 0.191790807447 0.191790807447 0.191790807447 0.191790807447 0.191790807447 0.191790807447 
 0.0923521693108 0.114860930139 0.116333787838 0.122481824197 0.127142868354 0.17363210195 0.1715663603 0.166090635772 0.174752337735 0.190534418453 0.190534418453 0.190534418453 0.190534418453 0.191790807447 0.191790807447 0.191790807447 0.191790807447 0.191790807447 0.191790807447 0.191790807447 0.191790807447 0.191790807447 0.191790807447 0.191790807447 0.191790807447 0.191790807447 0.191790807447 0.191790807447 0.191790807447 0.191790807447 0.191790807447 0.191790807447 0.191790807447 0.191790807447 0.191790807447 0.191790807447 
 0.090970660639 0.0923521693108 0.0923521693108 0.0940929982106 0.145089474525 0.153953837185 0.168953836035 0.184487412675 0.184487412675 0.190534418453 0.190534418453 0.190534418453 0.190534418453 0.190534418453 0.190534418453 0.190534418453 0.190534418453 0.191790807447 0.191790807447 0.191790807447 0.191790807447 0.191790807447 0.191790807447 0.191790807447 0.191790807447 0.191790807447 0.191790807447 0.191790807447 0.191790807447 0.191790807447 0.191790807447 0.191790807447 0.191790807447 0.191790807447 0.191790807447 0.191790807447 
 0.0992512891353 0.090970660639 0.0923521693108 0.109708719197 0.127890197211 0.126672656992 0.126672656992 0.128626068779 0.171883427809 0.1715663603 0.1715663603 0.174752337735 0.190534418453 0.190534418453 0.190534418453 0.190534418453 0.191790807447 0.191790807447 0.191790807447 0.191790807447 0.191790807447 0.191790807447 0.191790807447 0.191790807447 0.191790807447 0.191790807447 0.191790807447 0.191790807447 0.191790807447 0.191790807447 0.191790807447 0.191790807447 0.191790807447 0.191790807447 0.191790807447 0.191790807447 
 0.105026744561 0.116154364188 0.120569821565 0.127890197211 0.127890197211 0.127890197211 0.127890197211 0.128358994077 0.161916085845 0.16197225918 0.17363210195 0.181455420239 0.178489197841 0.190534418453 0.191790807447 0.191790807447 0.191790807447 0.191790807447 0.191790807447 0.191790807447 0.191790807447 0.191790807447 0.191790807447 0.191790807447 0.191790807447 0.191790807447 0.191790807447 0.191790807447 0.191790807447 0.191790807447 0.191790807447 0.191790807447 0.191790807447 0.191790807447 0.191790807447 0.191790807447 
 0.058045899086 0.0762682153559 0.0762682153559 0.141697068294 0.141937348517 0.143932596494 0.143722482233 0.143722482233 0.1341531661 0.128581486034 0.128581486034 0.128581486034 0.157961774213 0.159341040566 0.159341040566 0.175012206281 0.175012206281 0.18275633218 0.17407975669 0.179086860073 0.191790807447 0.191790807447 0.191790807447 0.191790807447 0.191790807447 0.191790807447 0.191790807447 0.191790807447 0.191790807447 0.191790807447 0.191790807447 0.191790807447 0.191790807447 0.191790807447 0.191790807447 0.191790807447 
 0.0990340629721 0.0990340629721 0.0990340629721 0.126063259042 0.143932596494 0.140210933197 0.140210933197 0.163134254595 0.157961774213 0.160010699149 0.159341040566 0.159341040566 0.159341040566 0.159341040566 0.181886060479 0.180201359879 0.17407975669 0.179086860073 0.191790807447 0.191790807447 0.191790807447 0.191790807447 0.191790807447 0.191790807447 0.191790807447 0.191790807447 0.191790807447 0.191790807447 0.191790807447 0.191790807447 0.191790807447 0.191790807447 0.191790807447 0.191790807447 0.191790807447 0.191790807447 
