 0.215956494799 0.371105666674 0.364797682763 0.35238725115 0.35238725115 0.336489948014 0.336489948014 0.336489948014 0.336489948014 0.336489948014 0.336489948014 0.534239371003 0.534239371003 0.534239371003 0.534239371003 0.534239371003 0.534239371003 0.534239371003 0.534239371003 0.534239371003 0.534239371003 0.534239371003 
 0.264847279943 0.290447059389 0.35238725115 0.336489948014 0.336489948014 0.336489948014 0.336489948014 0.336489948014 0.336489948014 0.336489948014 0.336489948014 0.336489948014 0.336489948014 0.534239371003 0.534239371003 0.534239371003 0.534239371003 0.534239371003 0.534239371003 0.534239371003 0.534239371003 0.534239371003 
 0.364797682763 0.35238725115 0.336489948014 0.336489948014 0.336489948014 0.336489948014 0.336489948014 0.336489948014 0.336489948014 0.336489948014 0.534239371003 0.534239371003 0.534239371003 0.534239371003 0.534239371003 0.534239371003 0.534239371003 0.534239371003 0.534239371003 0.534239371003 0.534239371003 0.534239371003 
 0.35238725115 0.336489948014 0.336489948014 0.336489948014 0.336489948014 0.336489948014 0.336489948014 0.336489948014 0.336489948014 0.534239371003 0.534239371003 0.534239371003 0.534239371003 0.534239371003 0.534239371003 0.534239371003 0.534239371003 0.534239371003 0.534239371003 0.534239371003 0.534239371003 0.534239371003 
 0.336489948014 0.336489948014 0.336489948014 0.336489948014 0.336489948014 0.336489948014 0.336489948014 0.336489948014 0.336489948014 0.336489948014 0.336489948014 0.336489948014 0.534239371003 0.534239371003 0.534239371003 0.534239371003 0.534239371003 0.534239371003 0.534239371003 0.534239371003 0.534239371003 0.534239371003 
 0.264316857152 0.336489948014 0.336489948014 0.336489948014 0.336489948014 0.336489948014 0.336489948014 0.336489948014 0.336489948014 0.336489948014 0.336489948014 0.336489948014 0.336489948014 0.534239371003 0.534239371003 0.534239371003 0.534239371003 0.534239371003 0.534239371003 0.534239371003 0.534239371003 0.534239371003 
 0.258388648591 0.303681555945 0.336489948014 0.336489948014 0.336489948014 0.336489948014 0.336489948014 0.336489948014 0.336489948014 0.336489948014 0.534239371003 0.534239371003 0.534239371003 0.534239371003 0.534239371003 0.534239371003 0.534239371003 0.534239371003 0.534239371003 0.534239371003 0.534239371003 0.534239371003 
 0.221088381334 0.258388648591 0.303681555945 0.336489948014 0.336489948014 0.336489948014 0.336489948014 0.336489948014 0.336489948014 0.336489948014 0.336489948014 0.534239371003 0.534239371003 0.534239371003 0.534239371003 0.534239371003 0.534239371003 0.534239371003 0.534239371003 0.534239371003 0.534239371003 0.534239371003 
 0.101426360946 0.10482141012 0.258388648591 0.303681555945 0.303681555945 0.336489948014 0.336489948014 0.336489948014 0.336489948014 0.336489948014 0.336489948014 0.336489948014 0.336489948014 0.336489948014 0.534239371003 0.534239371003 0.534239371003 0.534239371003 0.534239371003 0.534239371003 0.534239371003 0.534239371003 
 0.0 0.0 0.0 0.0 0.0 0.269382010639 0.269382010639 0.269382010639 0.269382010639 0.291613501945 0.502171585909 0.507972565506 0.550073268515 0.535086269715 0.534239371003 0.534239371003 0.534239371003 0.534239371003 0.534239371003 0.534239371003 0.534239371003 0.534239371003 
 0.267011390002 0.332410908859 0.35238725115 0.336489948014 0.336489948014 0.534239371003 0.534239371003 0.534239371003 0.534239371003 0.534239371003 0.534239371003 0.534239371003 0.534239371003 0.534239371003 0.534239371003 0.534239371003 0.534239371003 0.534239371003 0.534239371003 0.534239371003 0.534239371003 0.534239371003 
