ref-rmsd for loop 0 is 0.832125936156 
cluster: 0 [0, 1, 2, 3, 4, 5, 6, 7, 8, 9, 10, 11, 12, 13, 14, 15, 16, 17, 18, 19, 20, 21, 22, 23, 24, 25, 26, 27, 28, 29, 30, 31, 32, 33, 34, 35, 36, 37, 38, 39, 40, 41, 42, 43, 44, 45, 46, 47, 48, 49, 50, 51, 52, 53, 54, 55, 56, 57, 58, 59, 60, 61, 62, 63, 64, 65, 66, 67, 68, 69, 70, 71, 72, 73, 74, 75, 76, 77, 78, 79, 80, 81, 82, 83, 84, 85, 86, 87, 88, 89, 91, 92, 93, 95, 116, 117, 119, 120, 121, 122, 123, 130, 131, 132, 133, 134, 135, 136, 137, 138, 139, 140, 141, 142, 143, 144, 145, 146, 147, 148, 149, 150, 151, 152, 153, 154, 155, 156, 157, 158, 159, 160, 161, 162, 163, 175, 177, 233, 234, 292, 293, 294, 295, 296, 297] 

ref-rmsd for loop 1 is 0.267521012268 
cluster: 1 [90, 94, 96, 97, 164, 165, 166, 167, 168, 169, 170, 171, 172, 173, 174, 176, 178, 179, 180, 182, 183, 186, 196, 197, 198, 199, 200, 201, 203, 204, 205, 206, 207, 208, 209, 210, 211, 212, 213, 214, 215, 216, 218, 219, 220, 221, 222, 223, 224, 225, 226, 227, 228, 229, 230, 231, 232, 235, 236, 237, 238, 239, 240, 241, 242, 243, 244, 246, 247, 248, 252, 253, 256, 266, 267, 268, 269, 270, 271, 272, 273] 

ref-rmsd for loop 2 is 0.209942949486 
cluster: 2 [128, 258, 259, 260, 261, 262, 257, 264, 265, 274, 275, 282, 283, 284, 263, 255, 181, 184, 185, 187, 189, 190, 191, 192, 193, 194, 195, 254, 217, 98, 99, 100, 245, 249, 250, 251, 125, 126] 

ref-rmsd for loop 3 is 0.183321616272 
cluster: 3 [276, 277, 278, 279, 280, 281, 102, 106, 111, 115, 118] 

ref-rmsd for loop 4 is 0.191790807447 
cluster: 4 [129, 285, 286, 287, 288, 289, 290, 291, 188, 202, 101, 103, 104, 105, 107, 108, 109, 110, 112, 113, 114, 124, 127] 

